{
 "cells": [
  {
   "cell_type": "code",
   "execution_count": 10,
   "metadata": {},
   "outputs": [],
   "source": [
    "from adam.core.computations import KinDynComputations\n",
    "from adam.geometry import utils\n",
    "import numpy as np\n",
    "import casadi as cs\n",
    "import gym_ignition_models\n",
    "from adam.core.computationsWithHardwareParameters import  KinDynComputationsWithHardwareParameters"
   ]
  },
  {
   "cell_type": "code",
   "execution_count": 11,
   "metadata": {},
   "outputs": [],
   "source": [
    "def SX2DM(sx):\n",
    "    return cs.DM(sx)"
   ]
  },
  {
   "cell_type": "markdown",
   "metadata": {},
   "source": []
  },
  {
   "cell_type": "code",
   "execution_count": 12,
   "metadata": {},
   "outputs": [
    {
     "name": "stderr",
     "output_type": "stream",
     "text": [
      "Unknown tag: sensor\n",
      "Unknown tag: sensor\n",
      "Unknown tag: sensor\n",
      "Unknown tag: sensor\n",
      "Unknown tag: sensor\n",
      "Unknown tag: sensor\n",
      "Unknown tag: sensor\n",
      "Unknown tag: sensor\n",
      "Unknown tag: sensor\n",
      "Unknown tag: sensor\n"
     ]
    }
   ],
   "source": [
    "\n",
    "urdf_path =\"/home/carlotta/iit_ws/ergocub-gazebo-simulations/models/stickBot/model.urdf\"\n",
    "urdf_path_old = gym_ignition_models.get_model_file(\"iCubGazeboV2_5\")\n",
    "# The joint list\n",
    "joints_name_list = [\n",
    "    'torso_pitch', 'torso_roll', 'torso_yaw', 'l_shoulder_pitch',\n",
    "    'l_shoulder_roll', 'l_shoulder_yaw', 'l_elbow', 'r_shoulder_pitch',\n",
    "    'r_shoulder_roll', 'r_shoulder_yaw', 'r_elbow', 'l_hip_pitch', 'l_hip_roll',\n",
    "    'l_hip_yaw', 'l_knee', 'l_ankle_pitch', 'l_ankle_roll', 'r_hip_pitch',\n",
    "    'r_hip_roll', 'r_hip_yaw', 'r_knee', 'r_ankle_pitch', 'r_ankle_roll'\n",
    "]\n",
    "link_name_list = ['l_hip_3', 'l_lower_leg']\n",
    "# Specify the root link\n",
    "root_link = 'root_link'\n",
    "kinDyn =KinDynComputationsWithHardwareParameters(urdf_path, joints_name_list,link_name_list, root_link)"
   ]
  },
  {
   "cell_type": "markdown",
   "metadata": {},
   "source": []
  },
  {
   "cell_type": "markdown",
   "metadata": {},
   "source": []
  },
  {
   "cell_type": "code",
   "execution_count": 13,
   "metadata": {},
   "outputs": [],
   "source": [
    "# Set joints and base informations\n",
    "xyz = (np.random.rand(3) - 0.5) * 5\n",
    "rpy = (np.random.rand(3) - 0.5) * 5\n",
    "H_b = utils.H_from_PosRPY(xyz, rpy)\n",
    "v_b = (np.random.rand(6) - 0.5) * 5\n",
    "s = (np.random.rand(len(joints_name_list)) - 0.5) * 5\n",
    "s_dot = (np.random.rand(len(joints_name_list)) - 0.5) * 5\n",
    "density =np.random.rand(len(link_name_list))  \n",
    "lenght_multiplier = np.random.rand(len(link_name_list))"
   ]
  },
  {
   "cell_type": "code",
   "execution_count": 14,
   "metadata": {},
   "outputs": [
    {
     "name": "stdout",
     "output_type": "stream",
     "text": [
      "l_hip_3\n",
      "l_lower_leg\n",
      "l_hip_3\n",
      "l_lower_leg\n",
      "l_hip_3\n",
      "l_lower_leg\n",
      "M @1=65.9294, @2=4.25958, @3=-0.419817, @4=0.57773, @5=-0.316956, @6=-0.0765041, @7=0.00685132, @8=0.0278079, @9=-0.0669889, @10=0.536393, @11=-0.0223977, @12=0.0426947, @13=0.308099, @14=-0.458578, @15=0.130979, @16=-0.448214, @17=0.0566062, @18=-0.00869989, @19=0.191191, @20=-1.09419, @21=1.10857, @22=1.26715, @23=-0.0397595, @24=-0.010735, @25=0, @26=4.15702, @27=5.63781, @28=-0.579808, @29=0.312185, @30=-0.042885, @31=-0.00661332, @32=0.0218402, @33=0.102421, @34=-0.597622, @35=0.0156173, @36=0.090366, @37=0.594429, @38=0.403796, @39=0.347635, @40=0.164943, @41=0.00320625, @42=0.0115716, @43=-1.10435, @44=1.29463, @45=0.801055, @46=-0.542611, @47=-0.0247965, @48=-0.00922119, @49=-4.13987, @50=6.35647, @51=-1.51066, @52=0.00613281, @53=0.608769, @54=0.0034385, @55=-0.0642344, @56=-0.0685381, @57=-0.243625, @58=0.0623018, @59=-0.00961383, @60=-0.249533, @61=0.272098, @62=0.0874032, @63=-0.00494152, @64=-0.0878322, @65=0.00382269, @66=0.945817, @67=-2.17419, @68=0.44378, @69=-1.79288, @70=0.114564, @71=-0.00474263, @72=-0.383975, @73=-0.532196, @74=-1.2679, @75=-0.154976, @76=0.212555, @77=0.043911, @78=-0.0970077, @79=-0.164526, @80=0.0555066, @81=-0.0764443, @82=-0.0778376, @83=0.539105, @84=0.658506, @85=0.891865, @86=0.373111, @87=-0.351072, @88=0.0535985, @89=0.608323, @90=2.35262, @91=1.23204, @92=-1.47915, @93=0.794249, @94=-0.58871, @95=3.37658, @96=-3.89783, @97=2.18764, @98=-0.144682, @99=-0.47815, @100=0.0447929, @101=0.119215, @102=-0.0748406, @103=0.321806, @104=-0.193041, @105=0.0600117, @106=-0.660754, @107=0.948897, @108=-0.441407, @109=1.02175, @110=-0.971547, @111=-0.28562, @112=-1.14026, @113=1.81288, @114=-1.32232, @115=-1.05772, @116=0.5522, @117=0.271783, @118=3.75723, @119=3.55246, @120=-1.31262, @121=0.343686, @122=-0.00656637, @123=-0.0215258, @124=-0.00146188, @125=0.107287, @126=-0.847919, @127=0.0245265, @128=0.218411, @129=-0.868967, @130=-0.292232, @131=0.418519, @132=0.259399, @133=-0.261432, @134=0.986579, @135=-1.84276, @136=0.244451, @137=-0.575828, @138=-0.725271, @139=0.395081, @140=0.80412, @141=-0.0567314, @142=0.393232, @143=0.113167, @144=-0.267692, @145=0.0178258, @146=0.0681322, @147=0.00382559, @148=-0.35821, @149=-0.11367, @150=0.189246, @151=-2.691, @152=0.304224, @153=0.383034, @154=-0.0389612, @155=-0.105487, @156=0.0956667, @157=-0.783899, @158=0.143274, @159=0.086147, @160=-0.121634, @161=-0.370165, @162=0.00605907, @163=0.130543, @164=0.0184751, @165=0.493146, @166=-0.0646025, @167=-0.0117328, @168=0.00212445, @169=-0.0623614, @170=-0.00509472, @171=0.00195707, @172=-0.14957, @173=-0.0001023, @174=-0.0664149, @175=0.1492, @176=0.0245681, @177=-0.0508384, @178=-0.142837, @179=-5.85756e-05, @180=-0.00553253, @181=0.325673, @182=-0.564478, @183=0.544456, @184=-0.528787, @185=0.0296217, @186=0.968199, @187=-0.89803, @188=-0.437053, @189=-0.000806207, @190=0.000470305, @191=0.611266, @192=-1.05121, @193=0.00169306, @194=8.89291e-05, @195=-0.171705, @196=1.63952, @197=0.381791, @198=-0.214661, @199=-0.985341, @200=0.109372, @201=-1.78494, @202=0.966392, @203=-0.274296, @204=0.0141339, @205=-0.000820113, @206=-0.754639, @207=-1.08365, @208=6.59523e-05, @209=-1.2591e-05, \n",
      "[[@1, @25, 5.32907e-15, 5.55112e-17, -0.824016, 3.90089, @2, @3, @4, @5, @6, @7, @8, @9, @10, @11, @12, @13, @14, @15, @16, @17, @18, @19, @20, @21, @22, @23, @24], \n",
      " [-3.55271e-15, @1, 8.88178e-15, 0.824016, -2.22045e-15, 10.5118, @26, @27, @28, @29, @30, @31, @32, @33, @34, @35, @36, @37, @38, @39, @40, @41, @42, @43, @44, @45, @46, @47, @48], \n",
      " [3.55271e-15, 9.76996e-15, @1, -3.90089, -10.5118, 4.44089e-16, @49, @50, @51, @52, @53, @54, @55, @56, @57, @58, @59, @60, @61, @62, @63, @64, @65, @66, @67, @68, @69, @70, @71], \n",
      " [2.22045e-16, 0.824016, -3.90089, 7.51729, 0.967271, -0.832729, @72, @73, @74, @75, @76, @77, @78, @79, @80, @81, @82, @83, @84, @85, @86, @87, @88, @89, @90, @91, @92, @93, @94], \n",
      " [-0.824016, -2.22045e-16, -10.5118, 0.967271, 10.4575, 0.362719, @95, @96, @97, @98, @99, @100, @101, @102, @103, @104, @105, @106, @107, @108, @109, @110, @111, @112, @113, @114, @115, @116, @117], \n",
      " [3.90089, 10.5118, 1.55431e-15, -0.832729, 0.362719, 10.7749, @118, @119, @120, @121, @122, @123, @124, @125, @126, @127, @128, @129, @130, @131, @132, @133, @134, @135, @136, @137, @138, @139, @140], \n",
      " [@2, @26, @49, @72, @95, @118, 4.43576, @141, @142, @143, @144, @145, @146, @147, @148, @149, @150, @25, @25, @25, @25, @25, @25, @25, @25, @25, @25, @25, @25], \n",
      " [@3, @27, @50, @73, @96, @119, @141, 5.09111, @151, @152, @153, @154, @155, @156, @157, @158, @159, @25, @25, @25, @25, @25, @25, @25, @25, @25, @25, @25, @25], \n",
      " [@4, @28, @51, @74, @97, @120, @142, @151, 2.5721, @160, @161, @162, @163, @164, @165, @166, @167, @25, @25, @25, @25, @25, @25, @25, @25, @25, @25, @25, @25], \n",
      " [@5, @29, @52, @75, @98, @121, @143, @152, @160, 0.325141, @168, @169, @170, @25, @25, @25, @25, @25, @25, @25, @25, @25, @25, @25, @25, @25, @25, @25, @25], \n",
      " [@6, @30, @53, @76, @99, @122, @144, @153, @161, @168, 0.497464, @171, @172, @25, @25, @25, @25, @25, @25, @25, @25, @25, @25, @25, @25, @25, @25, @25, @25], \n",
      " [@7, @31, @54, @77, @100, @123, @145, @154, @162, @169, @171, 0.0590346, @173, @25, @25, @25, @25, @25, @25, @25, @25, @25, @25, @25, @25, @25, @25, @25, @25], \n",
      " [@8, @32, @55, @78, @101, @124, @146, @155, @163, @170, @172, @173, 0.136791, @25, @25, @25, @25, @25, @25, @25, @25, @25, @25, @25, @25, @25, @25, @25, @25], \n",
      " [@9, @33, @56, @79, @102, @125, @147, @156, @164, @25, @25, @25, @25, 0.18779, @174, @175, @176, @25, @25, @25, @25, @25, @25, @25, @25, @25, @25, @25, @25], \n",
      " [@10, @34, @57, @80, @103, @126, @148, @157, @165, @25, @25, @25, @25, @174, 0.638154, @177, @178, @25, @25, @25, @25, @25, @25, @25, @25, @25, @25, @25, @25], \n",
      " [@11, @35, @58, @81, @104, @127, @149, @158, @166, @25, @25, @25, @25, @175, @177, 0.161778, @179, @25, @25, @25, @25, @25, @25, @25, @25, @25, @25, @25, @25], \n",
      " [@12, @36, @59, @82, @105, @128, @150, @159, @167, @25, @25, @25, @25, @176, @178, @179, 0.188474, @25, @25, @25, @25, @25, @25, @25, @25, @25, @25, @25, @25], \n",
      " [@13, @37, @60, @83, @106, @129, @25, @25, @25, @25, @25, @25, @25, @25, @25, @25, @25, 1.1841, @180, @181, @182, @183, @184, @25, @25, @25, @25, @25, @25], \n",
      " [@14, @38, @61, @84, @107, @130, @25, @25, @25, @25, @25, @25, @25, @25, @25, @25, @25, @180, 1.17761, @185, @186, @187, @188, @25, @25, @25, @25, @25, @25], \n",
      " [@15, @39, @62, @85, @108, @131, @25, @25, @25, @25, @25, @25, @25, @25, @25, @25, @25, @181, @185, 1.10327, @189, @190, @191, @25, @25, @25, @25, @25, @25], \n",
      " [@16, @40, @63, @86, @109, @132, @25, @25, @25, @25, @25, @25, @25, @25, @25, @25, @25, @182, @186, @189, 1.12386, @192, @193, @25, @25, @25, @25, @25, @25], \n",
      " [@17, @41, @64, @87, @110, @133, @25, @25, @25, @25, @25, @25, @25, @25, @25, @25, @25, @183, @187, @190, @192, 1.04641, @194, @25, @25, @25, @25, @25, @25], \n",
      " [@18, @42, @65, @88, @111, @134, @25, @25, @25, @25, @25, @25, @25, @25, @25, @25, @25, @184, @188, @191, @193, @194, 1.03021, @25, @25, @25, @25, @25, @25], \n",
      " [@19, @43, @66, @89, @112, @135, @25, @25, @25, @25, @25, @25, @25, @25, @25, @25, @25, @25, @25, @25, @25, @25, @25, 2.26547, @195, @196, @197, @198, @199], \n",
      " [@20, @44, @67, @90, @113, @136, @25, @25, @25, @25, @25, @25, @25, @25, @25, @25, @25, @25, @25, @25, @25, @25, @25, @195, 2.7753, @200, @201, @202, @203], \n",
      " [@21, @45, @68, @91, @114, @137, @25, @25, @25, @25, @25, @25, @25, @25, @25, @25, @25, @25, @25, @25, @25, @25, @25, @196, @200, 1.81955, @204, @205, @206], \n",
      " [@22, @46, @69, @92, @115, @138, @25, @25, @25, @25, @25, @25, @25, @25, @25, @25, @25, @25, @25, @25, @25, @25, @25, @197, @201, @204, 2.4345, @207, @208], \n",
      " [@23, @47, @70, @93, @116, @139, @25, @25, @25, @25, @25, @25, @25, @25, @25, @25, @25, @25, @25, @25, @25, @25, @25, @198, @202, @205, @207, 1.04818, @209], \n",
      " [@24, @48, @71, @94, @117, @140, @25, @25, @25, @25, @25, @25, @25, @25, @25, @25, @25, @25, @25, @25, @25, @25, @25, @199, @203, @206, @208, @209, 1.03021]]\n",
      "J_cmm @1=65.9294, \n",
      "[[@1, 0, 5.32907e-15, 5.55112e-17, -0.824016, 3.90089, 4.25958, -0.419817, 0.57773, -0.316956, -0.0765041, 0.00685132, 0.0278079, -0.0669889, 0.536393, -0.0223977, 0.0426947, 0.308099, -0.458578, 0.130979, -0.448214, 0.0566062, -0.00869989, 0.191191, -1.09419, 1.10857, 1.26715, -0.0397595, -0.010735], \n",
      " [-3.55271e-15, @1, 8.88178e-15, 0.824016, -2.22045e-15, 10.5118, 4.15702, 5.63781, -0.579808, 0.312185, -0.042885, -0.00661332, 0.0218402, 0.102421, -0.597622, 0.0156173, 0.090366, 0.594429, 0.403796, 0.347635, 0.164943, 0.00320625, 0.0115716, -1.10435, 1.29463, 0.801055, -0.542611, -0.0247965, -0.00922119], \n",
      " [3.55271e-15, 9.76996e-15, @1, -3.90089, -10.5118, 4.44089e-16, -4.13987, 6.35647, -1.51066, 0.00613281, 0.608769, 0.0034385, -0.0642344, -0.0685381, -0.243625, 0.0623018, -0.00961383, -0.249533, 0.272098, 0.0874032, -0.00494152, -0.0878322, 0.00382269, 0.945817, -2.17419, 0.44378, -1.79288, 0.114564, -0.00474263], \n",
      " [3.97696e-16, -4.91263e-16, 8.68645e-16, 7.27618, 0.345313, -0.96411, -0.680878, -0.226562, -1.35003, -0.158515, 0.249111, 0.0441971, -0.101081, -0.169861, 0.0485612, -0.0729533, -0.0795359, 0.516912, 0.669558, 0.892692, 0.370757, -0.356309, 0.0536801, 0.678087, 2.2078, 1.24829, -1.57845, 0.801338, -0.588876], \n",
      " [-2.97967e-16, -2.22738e-15, -3.20141e-15, 0.345313, 8.77122, 0.411474, 2.76976, -2.8896, 1.954, -0.147665, -0.382044, 0.0454268, 0.109321, -0.0866056, 0.289666, -0.183388, 0.0590125, -0.696688, 0.986548, -0.425835, 1.01536, -0.984843, -0.285119, -0.987073, 1.45255, -1.2377, -1.32774, 0.569969, 0.270893], \n",
      " [-1.72757e-16, 3.04118e-16, 1.95522e-15, -0.96411, 0.411474, 8.86813, 2.84241, 2.67841, -1.25435, 0.312665, 0.00479779, -0.0208767, -0.0065894, 0.0949209, -0.784371, 0.0233617, 0.201477, -0.981972, -0.32948, 0.355342, 0.25962, -0.265292, 0.985249, -1.67799, 0.102776, -0.76914, -0.713731, 0.401387, 0.806225]]\n"
     ]
    }
   ],
   "source": [
    "[M, J_cmm] = kinDyn.crba()\n",
    "M = kinDyn.mass_matrix_fun() \n",
    "J_cmm = kinDyn.centroidal_momentum_matrix_fun()\n",
    "print(\"M\", M(H_b, s, density, lenght_multiplier))\n",
    "print(\"J_cmm\",J_cmm(H_b, s, density, lenght_multiplier))"
   ]
  },
  {
   "cell_type": "code",
   "execution_count": 15,
   "metadata": {},
   "outputs": [
    {
     "name": "stdout",
     "output_type": "stream",
     "text": [
      "65.9294\n"
     ]
    }
   ],
   "source": [
    "mass = kinDyn.get_total_mass()\n",
    "print(mass(density, lenght_multiplier))"
   ]
  },
  {
   "cell_type": "code",
   "execution_count": 16,
   "metadata": {},
   "outputs": [
    {
     "name": "stdout",
     "output_type": "stream",
     "text": [
      "@1=0, \n",
      "[[0.0503239, -0.581022, -0.81233, -0.567947], \n",
      " [-0.278965, 0.77281, -0.570037, -1.12648], \n",
      " [0.958982, 0.255298, -0.123194, 0.140897], \n",
      " [@1, @1, @1, 1]]\n"
     ]
    }
   ],
   "source": [
    "H = kinDyn.forward_kinematics_fun('l_sole')\n",
    "print(H(H_b, s, density, lenght_multiplier))"
   ]
  },
  {
   "cell_type": "code",
   "execution_count": 17,
   "metadata": {},
   "outputs": [
    {
     "name": "stdout",
     "output_type": "stream",
     "text": [
      "[-0.229617, -1.35578, 0.292186]\n"
     ]
    }
   ],
   "source": [
    "com = kinDyn.CoM_position_fun()\n",
    "print(com(H_b, s, density, lenght_multiplier))"
   ]
  },
  {
   "cell_type": "code",
   "execution_count": 18,
   "metadata": {},
   "outputs": [
    {
     "name": "stdout",
     "output_type": "stream",
     "text": [
      "@1=1, @2=0, \n",
      "[[@1, @2, @2, @2, -0.161836, -0.149366, @2, @2, @2, @2, @2, @2, @2, @2, @2, @2, @2, 0.182069, -0.119765, 0.0145464, -0.118211, -0.0214119, -0.0382313, @2, @2, @2, @2, @2, @2], \n",
      " [@2, @1, @2, 0.161836, @2, -0.152407, @2, @2, @2, @2, @2, @2, @2, @2, @2, @2, @2, 0.141476, 0.119809, 0.105417, 0.0537104, 0.006241, 0.0508509, @2, @2, @2, @2, @2, @2], \n",
      " [@2, @2, @1, 0.149366, 0.152407, @2, @2, @2, @2, @2, @2, @2, @2, @2, @2, @2, @2, 0.00928323, 0.118036, 0.0699743, -0.0388711, 0.00579391, 0.0167986, @2, @2, @2, @2, @2, @2], \n",
      " [@2, @2, @2, @1, @2, @2, @2, @2, @2, @2, @2, @2, @2, @2, @2, @2, @2, 0.451436, 0.5559, 0.78856, 0.332225, -0.332225, 0.0503239, @2, @2, @2, @2, @2, @2], \n",
      " [@2, @2, @2, @2, @1, @2, @2, @2, @2, @2, @2, @2, @2, @2, @2, @2, @2, -0.534061, 0.794977, -0.411912, 0.910192, -0.910192, -0.278965, @2, @2, @2, @2, @2, @2], \n",
      " [@2, @2, @2, @2, @2, @1, @2, @2, @2, @2, @2, @2, @2, @2, @2, @2, @2, -0.714832, -0.242872, 0.456619, 0.247339, -0.247339, 0.958982, @2, @2, @2, @2, @2, @2]]\n"
     ]
    }
   ],
   "source": [
    "J = kinDyn.jacobian_fun('l_sole')\n",
    "print(J(H_b, s, density, lenght_multiplier))"
   ]
  },
  {
   "cell_type": "code",
   "execution_count": null,
   "metadata": {},
   "outputs": [],
   "source": [
    "J_r = kinDyn.relative_jacobian_fun('l_sole')\n",
    "print(J_r(s,density, lenght_multiplier))"
   ]
  },
  {
   "cell_type": "markdown",
   "metadata": {},
   "source": []
  },
  {
   "cell_type": "markdown",
   "metadata": {},
   "source": []
  }
 ],
 "metadata": {
  "interpreter": {
   "hash": "916dbcbb3f70747c44a77c7bcd40155683ae19c65e1c03b4aa3499c5328201f1"
  },
  "kernelspec": {
   "display_name": "Python 3.8.10 64-bit",
   "name": "python3"
  },
  "language_info": {
   "codemirror_mode": {
    "name": "ipython",
    "version": 3
   },
   "file_extension": ".py",
   "mimetype": "text/x-python",
   "name": "python",
   "nbconvert_exporter": "python",
   "pygments_lexer": "ipython3",
   "version": "3.8.10"
  },
  "metadata": {
   "interpreter": {
    "hash": "1aaa65760776477b200513a4708dfe8112d71af684253b4518b287658553a52c"
   }
  },
  "orig_nbformat": 3
 },
 "nbformat": 4,
 "nbformat_minor": 2
}
