{
 "cells": [
  {
   "cell_type": "code",
   "execution_count": 29,
   "metadata": {},
   "outputs": [],
   "source": [
    "from adam.core.computations import KinDynComputations\n",
    "from adam.geometry import utils\n",
    "import numpy as np\n",
    "import casadi as cs\n",
    "import gym_ignition_models"
   ]
  },
  {
   "cell_type": "code",
   "execution_count": 30,
   "metadata": {},
   "outputs": [],
   "source": [
    "def SX2DM(sx):\n",
    "    return cs.DM(sx)"
   ]
  },
  {
   "cell_type": "markdown",
   "metadata": {},
   "source": [
    "## Import the robot .urdf"
   ]
  },
  {
   "cell_type": "code",
   "execution_count": 31,
   "metadata": {},
   "outputs": [
    {
     "name": "stdout",
     "output_type": "stream",
     "text": [
      "/home/carlotta/.local/lib/python3.8/site-packages/gym_ignition_models/iCubGazeboV2_5/icub.urdf\n"
     ]
    }
   ],
   "source": [
    "urdf_path = gym_ignition_models.get_model_file(\"iCubGazeboV2_5\")\n",
    "print(urdf_path)\n",
    "# The joint list\n",
    "joints_name_list = [\n",
    "    'torso_pitch', 'torso_roll', 'torso_yaw', 'l_shoulder_pitch',\n",
    "    'l_shoulder_roll', 'l_shoulder_yaw', 'l_elbow', 'r_shoulder_pitch',\n",
    "    'r_shoulder_roll', 'r_shoulder_yaw', 'r_elbow', 'l_hip_pitch', 'l_hip_roll',\n",
    "    'l_hip_yaw', 'l_knee', 'l_ankle_pitch', 'l_ankle_roll', 'r_hip_pitch',\n",
    "    'r_hip_roll', 'r_hip_yaw', 'r_knee', 'r_ankle_pitch', 'r_ankle_roll'\n",
    "]\n",
    "# Specify the root link\n",
    "root_link = 'root_link'\n",
    "kinDyn = KinDynComputations(urdf_path, joints_name_list, root_link)"
   ]
  },
  {
   "cell_type": "markdown",
   "metadata": {},
   "source": [
    "The class `KinDynComputations` contains some algorithms for computing kinematics and dynamics quantities."
   ]
  },
  {
   "cell_type": "code",
   "execution_count": 32,
   "metadata": {},
   "outputs": [],
   "source": [
    "# Set joints and base informations\n",
    "xyz = (np.random.rand(3) - 0.5) * 5\n",
    "rpy = (np.random.rand(3) - 0.5) * 5\n",
    "H_b = utils.H_from_PosRPY(xyz, rpy)\n",
    "v_b = (np.random.rand(6) - 0.5) * 5\n",
    "s = (np.random.rand(len(joints_name_list)) - 0.5) * 5\n",
    "s_dot = (np.random.rand(len(joints_name_list)) - 0.5) * 5"
   ]
  },
  {
   "cell_type": "markdown",
   "metadata": {},
   "source": [
    "## Mass Matrix"
   ]
  },
  {
   "cell_type": "code",
   "execution_count": 33,
   "metadata": {},
   "outputs": [
    {
     "name": "stdout",
     "output_type": "stream",
     "text": [
      "ixx: 0.0139679\n",
      "ixy: -5.93488e-06\n",
      "ixz: -1.55458e-05\n",
      "iyy: 0.0202112\n",
      "iyz: -0.00170968\n",
      "izz: 0.0249124\n",
      "5.09143\n",
      "[0.0248821, 0.000103947, -0.0440806]\n",
      "[1.57079632679, 0.0, -1.57079632679]\n",
      "tutto bene\n",
      "[[ 5.09143000e+00  0.00000000e+00  0.00000000e+00  0.00000000e+00\n",
      "  -2.24433289e-01 -5.29238874e-04]\n",
      " [ 0.00000000e+00  5.09143000e+00  0.00000000e+00  2.24433289e-01\n",
      "   0.00000000e+00  1.26685470e-01]\n",
      " [ 0.00000000e+00  0.00000000e+00  5.09143000e+00  5.29238874e-04\n",
      "  -1.26685470e-01  0.00000000e+00]\n",
      " [ 0.00000000e+00  2.24433289e-01  5.29238874e-04  3.48056091e-02\n",
      "  -2.87143745e-05  7.29405155e-03]\n",
      " [-2.24433289e-01  0.00000000e+00 -1.26685470e-01 -2.87143745e-05\n",
      "   2.70132546e-02  2.92640471e-05]\n",
      " [-5.29238874e-04  1.26685470e-01  0.00000000e+00  7.29405155e-03\n",
      "   2.92640471e-05  2.33634556e-02]]\n",
      "ixx: 0.000404268\n",
      "ixy: -1.26852e-06\n",
      "ixz: 1.11055e-06\n",
      "iyy: 0.000574741\n",
      "iyz: -7.69474e-07\n",
      "izz: 0.000580025\n",
      "0.919978\n",
      "[-0.0005145, -0.0380753, -7.1e-05]\n",
      "[1.57079632679, 0.0, 1.57079632679]\n",
      "tutto bene\n",
      "[[ 9.19978000e-01  0.00000000e+00  0.00000000e+00  0.00000000e+00\n",
      "  -6.53184380e-05  3.50284383e-02]\n",
      " [ 0.00000000e+00  9.19978000e-01  0.00000000e+00  6.53184380e-05\n",
      "   0.00000000e+00 -4.73328681e-04]\n",
      " [ 0.00000000e+00  0.00000000e+00  9.19978000e-01 -3.50284383e-02\n",
      "   4.73328681e-04  0.00000000e+00]\n",
      " [ 0.00000000e+00  6.53184380e-05 -3.50284383e-02  1.91374794e-03\n",
      "  -1.69115815e-05 -8.03080336e-07]\n",
      " [-6.53184380e-05  0.00000000e+00  4.73328681e-04 -1.69115815e-05\n",
      "   4.04516165e-04 -3.75553912e-06]\n",
      " [ 3.50284383e-02 -4.73328681e-04  0.00000000e+00 -8.03080336e-07\n",
      "  -3.75553912e-06  1.90870283e-03]]\n",
      "ixx: 0.00046914\n",
      "ixy: -4.76597e-08\n",
      "ixz: 7.12496e-08\n",
      "iyy: 0.000277108\n",
      "iyz: 3.3401e-06\n",
      "izz: 0.000303891\n",
      "0.413242\n",
      "[-0.0009315, 8.09999999998e-06, -0.044809]\n",
      "[1.57079632679, 0.0, 1.57079632679]\n",
      "tutto bene\n",
      "[[ 4.13242000e-01  0.00000000e+00  0.00000000e+00  0.00000000e+00\n",
      "  -1.85169608e-02 -3.34726020e-06]\n",
      " [ 0.00000000e+00  4.13242000e-01  0.00000000e+00  1.85169608e-02\n",
      "   0.00000000e+00 -3.84934923e-04]\n",
      " [ 0.00000000e+00  0.00000000e+00  4.13242000e-01  3.34726020e-06\n",
      "   3.84934923e-04  0.00000000e+00]\n",
      " [ 0.00000000e+00  1.85169608e-02  3.34726020e-06  1.13361752e-03\n",
      "   7.43675737e-08 -1.39084490e-05]\n",
      " [-1.85169608e-02  0.00000000e+00  3.84934923e-04  7.43675737e-08\n",
      "   1.29922506e-03  1.02327682e-07]\n",
      " [-3.34726020e-06 -3.84934923e-04  0.00000000e+00 -1.39084490e-05\n",
      "   1.02327682e-07  2.77466594e-04]]\n",
      "ixx: 0.01\n",
      "ixy: 2.67901e-07\n",
      "ixz: -4.41463e-09\n",
      "iyy: 0.01\n",
      "iyz: 3.32338e-08\n",
      "izz: 0.01\n",
      "0.126212\n",
      "[-0.000123, -0.0002823, 0.008718]\n",
      "[-1.57079632679, 0.0, -1.57079632679]\n",
      "tutto bene\n",
      "[[ 1.26212000e-01  0.00000000e+00  0.00000000e+00  0.00000000e+00\n",
      "   1.10031622e-03  3.56296476e-05]\n",
      " [ 0.00000000e+00  1.26212000e-01  0.00000000e+00 -1.10031622e-03\n",
      "   0.00000000e+00 -1.55240760e-05]\n",
      " [ 0.00000000e+00  0.00000000e+00  1.26212000e-01 -3.56296476e-05\n",
      "   1.55240760e-05  0.00000000e+00]\n",
      " [ 0.00000000e+00 -1.10031622e-03 -3.56296476e-05  1.00096026e-02\n",
      "   3.21833439e-11  1.02105095e-07]\n",
      " [ 1.10031622e-03  0.00000000e+00  1.55240760e-05  3.21833439e-11\n",
      "   1.00095945e-02  5.78520268e-07]\n",
      " [ 3.56296476e-05 -1.55240760e-05  0.00000000e+00  1.02105095e-07\n",
      "   5.78520268e-07  1.00000120e-02]]\n",
      "ixx: 0.00647751422999\n",
      "ixy: 0.000129579429588\n",
      "ixz: 5.48205094739e-06\n",
      "iyy: 0.0014593786411\n",
      "iyz: -0.000136613086875\n",
      "izz: 0.00646720823813\n",
      "1.8035\n",
      "[0.0034, -2.91e-05, -0.078954]\n",
      "[1.57079632679, 0.0, 1.57079632679]\n",
      "tutto bene\n",
      "[[ 1.80350000e+00  0.00000000e+00  0.00000000e+00  0.00000000e+00\n",
      "  -1.42393539e-01  5.24818500e-05]\n",
      " [ 0.00000000e+00  1.80350000e+00  0.00000000e+00  1.42393539e-01\n",
      "   0.00000000e+00  6.13190000e-03]\n",
      " [ 0.00000000e+00  0.00000000e+00  1.80350000e+00 -5.24818500e-05\n",
      "  -6.13190000e-03  0.00000000e+00]\n",
      " [ 0.00000000e+00  1.42393539e-01 -5.24818500e-05  1.77097492e-02\n",
      "   5.66048924e-06  3.47524946e-04]\n",
      " [-1.42393539e-01  0.00000000e+00 -6.13190000e-03  5.66048924e-06\n",
      "   1.77409022e-02  1.25435778e-04]\n",
      " [ 5.24818500e-05  6.13190000e-03  0.00000000e+00  3.47524946e-04\n",
      "   1.25435778e-04  1.48022863e-03]]\n",
      "ixx: 0.00423993167478\n",
      "ixy: 0.000228814548854\n",
      "ixz: -5.55646459453e-05\n",
      "iyy: 0.00152095043447\n",
      "iyz: -0.000264132979243\n",
      "izz: 0.00457358584206\n",
      "1.472\n",
      "[0.0012364, -0.0035131, -0.088794]\n",
      "[1.57079632679, 0.0, 1.57079632679]\n",
      "tutto bene\n",
      "[[ 1.47200000e+00  0.00000000e+00  0.00000000e+00  0.00000000e+00\n",
      "  -1.30704768e-01  5.17128320e-03]\n",
      " [ 0.00000000e+00  1.47200000e+00  0.00000000e+00  1.30704768e-01\n",
      "   0.00000000e+00  1.81998080e-03]\n",
      " [ 0.00000000e+00  0.00000000e+00  1.47200000e+00 -5.17128320e-03\n",
      "  -1.81998080e-03  0.00000000e+00]\n",
      " [ 0.00000000e+00  1.30704768e-01 -5.17128320e-03  1.61975522e-02\n",
      "  -4.91708714e-05 -1.02529604e-04]\n",
      " [-1.30704768e-01  0.00000000e+00 -1.81998080e-03 -4.91708714e-05\n",
      "   1.58479811e-02 -2.30364372e-04]\n",
      " [ 5.17128320e-03  1.81998080e-03  0.00000000e+00 -1.02529604e-04\n",
      "  -2.30364372e-04  1.54136789e-03]]\n",
      "ixx: 0.000404618848932\n",
      "ixy: 7.49819286945e-07\n",
      "ixz: -3.01349467691e-05\n",
      "iyy: 0.000448633654664\n",
      "iyz: 2.5726697409e-06\n",
      "izz: 0.000308235939139\n",
      "0.6803\n",
      "[0.0151436, -0.0008686, 4.2e-05]\n",
      "[1.57079632679, 0.0, 1.57079632679]\n",
      "tutto bene\n",
      "[[ 6.80300000e-01  0.00000000e+00  0.00000000e+00  0.00000000e+00\n",
      "   2.85726000e-05  5.90908580e-04]\n",
      " [ 0.00000000e+00  6.80300000e-01  0.00000000e+00 -2.85726000e-05\n",
      "   0.00000000e+00  1.03021911e-02]\n",
      " [ 0.00000000e+00  0.00000000e+00  6.80300000e-01 -5.90908580e-04\n",
      "  -1.03021911e-02  0.00000000e+00]\n",
      " [ 0.00000000e+00 -2.85726000e-05 -5.90908580e-04  3.08750402e-04\n",
      "  -2.11864636e-05  2.13997771e-06]\n",
      " [ 2.85726000e-05  0.00000000e+00 -1.03021911e-02 -2.11864636e-05\n",
      "   5.60632310e-04  7.74637447e-07]\n",
      " [ 5.90908580e-04  1.03021911e-02  0.00000000e+00  2.13997771e-06\n",
      "   7.74637447e-07  6.05159179e-04]]\n",
      "ixx: 0.01\n",
      "ixy: -4.74606e-08\n",
      "ixz: 4.94571e-08\n",
      "iyy: 0.01\n",
      "iyz: -4.29975e-06\n",
      "izz: 0.01\n",
      "0.265122\n",
      "[0.0011446, 3.59999999999e-06, -0.03852]\n",
      "[1.57079632679, 0.0, 1.57079632679]\n",
      "tutto bene\n",
      "[[ 2.65122000e-01  0.00000000e+00  0.00000000e+00  0.00000000e+00\n",
      "  -1.02124994e-02 -9.54439200e-07]\n",
      " [ 0.00000000e+00  2.65122000e-01  0.00000000e+00  1.02124994e-02\n",
      "   0.00000000e+00  3.03458641e-04]\n",
      " [ 0.00000000e+00  0.00000000e+00  2.65122000e-01  9.54439200e-07\n",
      "  -3.03458641e-04  0.00000000e+00]\n",
      " [ 0.00000000e+00  1.02124994e-02  9.54439200e-07  1.03933855e-02\n",
      "   4.83646489e-08  7.38947686e-06]\n",
      " [-1.02124994e-02  0.00000000e+00 -3.03458641e-04  4.83646489e-08\n",
      "   1.03937328e-02 -1.06956020e-08]\n",
      " [-9.54439200e-07  3.03458641e-04  0.00000000e+00  7.38947686e-06\n",
      "  -1.06956020e-08  1.00003473e-02]]\n",
      "ixx: 0.00120946\n",
      "ixy: 3.74585e-07\n",
      "ixz: -5.78759e-05\n",
      "iyy: 0.00141439\n",
      "iyz: -7.80325e-06\n",
      "izz: 0.000273599\n",
      "0.382866\n",
      "[0.0336001, 0.0053719, -0.001147]\n",
      "[-1.57079632679, 0.0, -1.57079632679]\n",
      "tutto bene\n",
      "[[ 3.82866000e-01  0.00000000e+00  0.00000000e+00  0.00000000e+00\n",
      "  -4.39147302e-04 -2.05671787e-03]\n",
      " [ 0.00000000e+00  3.82866000e-01  0.00000000e+00  4.39147302e-04\n",
      "   0.00000000e+00  1.28643359e-02]\n",
      " [ 0.00000000e+00  0.00000000e+00  3.82866000e-01  2.05671787e-03\n",
      "  -1.28643359e-02  0.00000000e+00]\n",
      " [ 0.00000000e+00  4.39147302e-04  2.05671787e-03  2.85151185e-04\n",
      "  -1.12300260e-05  2.25586433e-05]\n",
      " [-4.39147302e-04  0.00000000e+00 -1.28643359e-02 -1.12300260e-05\n",
      "   1.64220667e-03  2.73364039e-06]\n",
      " [-2.05671787e-03  1.28643359e-02  0.00000000e+00  2.25586433e-05\n",
      "   2.73364039e-06  1.85768145e-03]]\n",
      "ixx: 0.000404539\n",
      "ixy: 1.18502e-06\n",
      "ixz: -9.64514e-07\n",
      "iyy: 0.000573315\n",
      "iyz: -1.06028e-06\n",
      "izz: 0.000578982\n",
      "0.919725\n",
      "[-0.0005108, 0.0380923, -8.3e-05]\n",
      "[1.57079632679, 0.0, 1.57079632679]\n",
      "tutto bene\n",
      "[[ 9.19725000e-01  0.00000000e+00  0.00000000e+00  0.00000000e+00\n",
      "  -7.63371750e-05 -3.50344406e-02]\n",
      " [ 0.00000000e+00  9.19725000e-01  0.00000000e+00  7.63371750e-05\n",
      "   0.00000000e+00 -4.69795530e-04]\n",
      " [ 0.00000000e+00  0.00000000e+00  9.19725000e-01  3.50344406e-02\n",
      "   4.69795530e-04  0.00000000e+00]\n",
      " [ 0.00000000e+00  7.63371750e-05  3.50344406e-02  1.91353076e-03\n",
      "   1.69310783e-05 -1.09927303e-06]\n",
      " [-7.63371750e-05  0.00000000e+00  4.69795530e-04  1.69310783e-05\n",
      "   4.04785308e-04  4.09287857e-06]\n",
      " [-3.50344406e-02 -4.69795530e-04  0.00000000e+00 -1.09927303e-06\n",
      "   4.09287857e-06  1.90809739e-03]]\n",
      "ixx: 0.000475741\n",
      "ixy: 2.89355e-07\n",
      "ixz: -6.72876e-08\n",
      "iyy: 0.000279828\n",
      "iyz: 6.7417e-06\n",
      "izz: 0.000307828\n",
      "0.415987\n",
      "[-0.0011063, 1.73e-05, -0.044574]\n",
      "[1.57079632679, 0.0, 1.57079632679]\n",
      "tutto bene\n",
      "[[ 4.15987000e-01  0.00000000e+00  0.00000000e+00  0.00000000e+00\n",
      "  -1.85422045e-02 -7.19657510e-06]\n",
      " [ 0.00000000e+00  4.15987000e-01  0.00000000e+00  1.85422045e-02\n",
      "   0.00000000e+00 -4.60206418e-04]\n",
      " [ 0.00000000e+00  0.00000000e+00  4.15987000e-01  7.19657510e-06\n",
      "   4.60206418e-04  0.00000000e+00]\n",
      " [ 0.00000000e+00  1.85422045e-02  7.19657510e-06  1.13432835e-03\n",
      "  -5.93260281e-08 -1.37715409e-05]\n",
      " [-1.85422045e-02  0.00000000e+00  4.60206418e-04 -5.93260281e-08\n",
      "   1.30275035e-03  6.10135138e-07]\n",
      " [-7.19657510e-06 -4.60206418e-04  0.00000000e+00 -1.37715409e-05\n",
      "   6.10135138e-07  2.80337251e-04]]\n",
      "ixx: 0.01\n",
      "ixy: 2.67901e-07\n",
      "ixz: -4.41463e-09\n",
      "iyy: 0.01\n",
      "iyz: 3.32338e-08\n",
      "izz: 0.01\n",
      "0.126212\n",
      "[-0.0001229, -0.0002823, 0.008718]\n",
      "[-1.57079632679, 0.0, -1.57079632679]\n",
      "tutto bene\n",
      "[[ 1.26212000e-01  0.00000000e+00  0.00000000e+00  0.00000000e+00\n",
      "   1.10031622e-03  3.56296476e-05]\n",
      " [ 0.00000000e+00  1.26212000e-01  0.00000000e+00 -1.10031622e-03\n",
      "   0.00000000e+00 -1.55114548e-05]\n",
      " [ 0.00000000e+00  0.00000000e+00  1.26212000e-01 -3.56296476e-05\n",
      "   1.55114548e-05  0.00000000e+00]\n",
      " [ 0.00000000e+00 -1.10031622e-03 -3.56296476e-05  1.00096026e-02\n",
      "   3.57463086e-11  1.01995063e-07]\n",
      " [ 1.10031622e-03  0.00000000e+00  1.55114548e-05  3.57463086e-11\n",
      "   1.00095945e-02  5.78520268e-07]\n",
      " [ 3.56296476e-05 -1.55114548e-05  0.00000000e+00  1.01995063e-07\n",
      "   5.78520268e-07  1.00000120e-02]]\n",
      "ixx: 0.00648512673084\n",
      "ixy: -0.00012421121424\n",
      "ixz: -3.97399421479e-06\n",
      "iyy: 0.00146250529833\n",
      "iyz: -0.00013681806888\n",
      "izz: 0.00647619242046\n",
      "1.8084\n",
      "[0.0033869, 0.0001018, -0.078916]\n",
      "[1.57079632679, 0.0, 1.57079632679]\n",
      "tutto bene\n",
      "[[ 1.80840000e+00  0.00000000e+00  0.00000000e+00  0.00000000e+00\n",
      "  -1.42711694e-01 -1.84095120e-04]\n",
      " [ 0.00000000e+00  1.80840000e+00  0.00000000e+00  1.42711694e-01\n",
      "   0.00000000e+00  6.12486996e-03]\n",
      " [ 0.00000000e+00  0.00000000e+00  1.80840000e+00  1.84095120e-04\n",
      "  -6.12486996e-03  0.00000000e+00]\n",
      " [ 0.00000000e+00  1.42711694e-01  1.84095120e-04  1.77384472e-02\n",
      "  -4.59750598e-06  3.46532169e-04]\n",
      " [-1.42711694e-01  0.00000000e+00 -6.12486996e-03 -4.59750598e-06\n",
      "   1.77681071e-02 -1.09683164e-04]\n",
      " [-1.84095120e-04  6.12486996e-03  0.00000000e+00  3.46532169e-04\n",
      "  -1.09683164e-04  1.48326836e-03]]\n",
      "ixx: 0.00423698606499\n",
      "ixy: -0.000239615181423\n",
      "ixz: 6.76166218238e-05\n",
      "iyy: 0.00152221313636\n",
      "iyz: -0.00023314283575\n",
      "izz: 0.00457007183207\n",
      "1.4724\n",
      "[0.0009998, 0.0034969, -0.088567]\n",
      "[1.57079632679, 0.0, 1.57079632679]\n",
      "tutto bene\n",
      "[[ 1.47240000e+00  0.00000000e+00  0.00000000e+00  0.00000000e+00\n",
      "  -1.30406051e-01 -5.14883556e-03]\n",
      " [ 0.00000000e+00  1.47240000e+00  0.00000000e+00  1.30406051e-01\n",
      "   0.00000000e+00  1.47210552e-03]\n",
      " [ 0.00000000e+00  0.00000000e+00  1.47240000e+00  5.14883556e-03\n",
      "  -1.47210552e-03  0.00000000e+00]\n",
      " [ 0.00000000e+00  1.30406051e-01  5.14883556e-03  1.61377495e-02\n",
      "   6.24688160e-05 -1.02762866e-04]\n",
      " [-1.30406051e-01  0.00000000e+00 -1.47210552e-03  6.24688160e-05\n",
      "   1.57881306e-02  2.16401738e-04]\n",
      " [-5.14883556e-03  1.47210552e-03  0.00000000e+00 -1.02762866e-04\n",
      "   2.16401738e-04  1.54168991e-03]]\n",
      "ixx: 0.000404474297345\n",
      "ixy: -1.13226038781e-06\n",
      "ixz: 3.04665105776e-05\n",
      "iyy: 0.00044788735407\n",
      "iyz: 2.57265834141e-06\n",
      "izz: 0.000307603045377\n",
      "0.6798\n",
      "[0.0151531, 0.000902, 4.2e-05]\n",
      "[1.57079632679, 0.0, 1.57079632679]\n",
      "tutto bene\n",
      "[[ 6.79800000e-01  0.00000000e+00  0.00000000e+00  0.00000000e+00\n",
      "   2.85516000e-05 -6.13179600e-04]\n",
      " [ 0.00000000e+00  6.79800000e-01  0.00000000e+00 -2.85516000e-05\n",
      "   0.00000000e+00  1.03010774e-02]\n",
      " [ 0.00000000e+00  0.00000000e+00  6.79800000e-01  6.13179600e-04\n",
      "  -1.03010774e-02  0.00000000e+00]\n",
      " [ 0.00000000e+00 -2.85516000e-05  6.13179600e-04  3.08157333e-04\n",
      "   2.11749388e-05  2.14001309e-06]\n",
      " [ 2.85516000e-05  0.00000000e+00 -1.03010774e-02  2.11749388e-05\n",
      "   5.60568752e-04 -1.15801393e-06]\n",
      " [-6.13179600e-04  1.03010774e-02  0.00000000e+00  2.14001309e-06\n",
      "  -1.15801393e-06  6.04533698e-04]]\n",
      "ixx: 0.01\n",
      "ixy: -4.74606e-08\n",
      "ixz: 4.94571e-08\n",
      "iyy: 0.01\n",
      "iyz: -4.29975e-06\n",
      "izz: 0.01\n",
      "0.265122\n",
      "[0.0011447, 3.59999999998e-06, -0.03852]\n",
      "[1.57079632679, 0.0, 1.57079632679]\n",
      "tutto bene\n",
      "[[ 2.65122000e-01  0.00000000e+00  0.00000000e+00  0.00000000e+00\n",
      "  -1.02124994e-02 -9.54439200e-07]\n",
      " [ 0.00000000e+00  2.65122000e-01  0.00000000e+00  1.02124994e-02\n",
      "   0.00000000e+00  3.03485153e-04]\n",
      " [ 0.00000000e+00  0.00000000e+00  2.65122000e-01  9.54439200e-07\n",
      "  -3.03485153e-04  0.00000000e+00]\n",
      " [ 0.00000000e+00  1.02124994e-02  9.54439200e-07  1.03933855e-02\n",
      "   4.83645534e-08  7.39049811e-06]\n",
      " [-1.02124994e-02  0.00000000e+00 -3.03485153e-04  4.83645534e-08\n",
      "   1.03937329e-02 -1.06956020e-08]\n",
      " [-9.54439200e-07  3.03485153e-04  0.00000000e+00  7.39049811e-06\n",
      "  -1.06956020e-08  1.00003474e-02]]\n",
      "ixx: 0.00121242\n",
      "ixy: -3.69533e-07\n",
      "ixz: 5.79273e-05\n",
      "iyy: 0.00141712\n",
      "iyz: -7.64972e-06\n",
      "izz: 0.000273846\n",
      "0.382968\n",
      "[0.0336669, -0.0053735, -0.001164]\n",
      "[-1.57079632679, 0.0, -1.57079632679]\n",
      "tutto bene\n",
      "[[ 3.82968000e-01  0.00000000e+00  0.00000000e+00  0.00000000e+00\n",
      "  -4.45774752e-04  2.05787855e-03]\n",
      " [ 0.00000000e+00  3.82968000e-01  0.00000000e+00  4.45774752e-04\n",
      "   0.00000000e+00  1.28933454e-02]\n",
      " [ 0.00000000e+00  0.00000000e+00  3.82968000e-01 -2.05787855e-03\n",
      "  -1.28933454e-02  0.00000000e+00]\n",
      " [ 0.00000000e+00  4.45774752e-04 -2.05787855e-03  2.85422892e-04\n",
      "   1.13550913e-05  2.26575740e-05]\n",
      " [-4.45774752e-04  0.00000000e+00 -1.28933454e-02  1.13550913e-05\n",
      "   1.64701785e-03 -2.76490363e-06]\n",
      " [ 2.05787855e-03  1.28933454e-02  0.00000000e+00  2.26575740e-05\n",
      "  -2.76490363e-06  1.86225698e-03]]\n",
      "ixx: 0.00040911\n",
      "ixy: -1.04522e-06\n",
      "ixz: -1.02516e-06\n",
      "iyy: 0.000384141\n",
      "iyz: 6.50708e-06\n",
      "izz: 0.000299445\n",
      "0.67144\n",
      "[0.0270921359, 0.02914798, -0.0004398]\n",
      "[0.0, 0.0, 0.0]\n",
      "tutto bene\n",
      "[[ 6.71440000e-01  0.00000000e+00  0.00000000e+00  0.00000000e+00\n",
      "  -2.95299312e-04 -1.95711197e-02]\n",
      " [ 0.00000000e+00  6.71440000e-01  0.00000000e+00  2.95299312e-04\n",
      "   0.00000000e+00  1.81907437e-02]\n",
      " [ 0.00000000e+00  0.00000000e+00  6.71440000e-01  1.95711197e-02\n",
      "  -1.81907437e-02  0.00000000e+00]\n",
      " [ 0.00000000e+00  2.95299312e-04  1.95711197e-02  9.79698478e-04\n",
      "  -5.31268654e-04  6.97512909e-06]\n",
      " [-2.95299312e-04  0.00000000e+00 -1.81907437e-02 -5.31268654e-04\n",
      "   8.77096974e-04  1.51144584e-05]\n",
      " [-1.95711197e-02  1.81907437e-02  0.00000000e+00  6.97512909e-06\n",
      "   1.51144584e-05  1.36272971e-03]]\n",
      "ixx: 0.000829234\n",
      "ixy: 2.37006e-08\n",
      "ixz: 9.25231e-08\n",
      "iyy: 0.000436517\n",
      "iyz: -1.74814e-07\n",
      "izz: 0.000604802\n",
      "0.425685\n",
      "[-0.000113507809265, 0.0361525, 0.0570963]\n",
      "[0.0, 0.0, 0.0]\n",
      "tutto bene\n",
      "[[ 4.25685000e-01  0.00000000e+00  0.00000000e+00  0.00000000e+00\n",
      "   2.43050385e-02 -1.53895770e-02]\n",
      " [ 0.00000000e+00  4.25685000e-01  0.00000000e+00 -2.43050385e-02\n",
      "   0.00000000e+00 -4.83185718e-05]\n",
      " [ 0.00000000e+00  0.00000000e+00  4.25685000e-01  1.53895770e-02\n",
      "   4.83185718e-05  0.00000000e+00]\n",
      " [ 0.00000000e+00 -2.43050385e-02  1.53895770e-02  2.77333345e-03\n",
      "   1.77053777e-06  2.85133477e-06]\n",
      " [ 2.43050385e-02  0.00000000e+00  4.83185718e-05  1.77053777e-06\n",
      "   1.82425025e-03 -8.78862717e-04]\n",
      " [-1.53895770e-02 -4.83185718e-05  0.00000000e+00  2.85133477e-06\n",
      "  -8.78862717e-04  1.16117917e-03]]\n",
      "ixx: 0.0430324878618\n",
      "ixy: 2.91075388804e-05\n",
      "ixz: 0.000181985229949\n",
      "iyy: 0.0440835725548\n",
      "iyz: -0.000429106409108\n",
      "izz: 0.0260563249911\n",
      "7.638\n",
      "[0.000188619190735, 0.073091, -0.0472381]\n",
      "[0.0, 0.0, 0.0]\n",
      "tutto bene\n",
      "[[ 7.63800000e+00  0.00000000e+00  0.00000000e+00  0.00000000e+00\n",
      "  -3.60804608e-01 -5.58269058e-01]\n",
      " [ 0.00000000e+00  7.63800000e+00  0.00000000e+00  3.60804608e-01\n",
      "   0.00000000e+00  1.44067338e-03]\n",
      " [ 0.00000000e+00  0.00000000e+00  7.63800000e+00  5.58269058e-01\n",
      "  -1.44067338e-03  0.00000000e+00]\n",
      " [ 0.00000000e+00  3.60804608e-01  5.58269058e-01  1.00880656e-01\n",
      "  -7.61927191e-05  2.50039903e-04]\n",
      " [-3.60804608e-01  0.00000000e+00 -1.44067338e-03 -7.61927191e-05\n",
      "   6.11275684e-02  2.59424632e-02]\n",
      " [-5.58269058e-01  1.44067338e-03  0.00000000e+00  2.50039903e-04\n",
      "   2.59424632e-02  6.68610404e-02]]\n",
      "ixx: 0.01\n",
      "ixy: -1.65173e-08\n",
      "ixz: -3.55626e-06\n",
      "iyy: 0.01\n",
      "iyz: -6.13337e-08\n",
      "izz: 0.01\n",
      "0.114862\n",
      "[-0.0122656014133, 3.2e-05, -0.00321064290449]\n",
      "[0.0, 0.0, 0.0]\n",
      "tutto bene\n",
      "[[ 1.14862000e-01  0.00000000e+00  0.00000000e+00  0.00000000e+00\n",
      "  -3.68780865e-04 -3.67558400e-06]\n",
      " [ 0.00000000e+00  1.14862000e-01  0.00000000e+00  3.68780865e-04\n",
      "   0.00000000e+00 -1.40885151e-03]\n",
      " [ 0.00000000e+00  0.00000000e+00  1.14862000e-01  3.67558400e-06\n",
      "   1.40885151e-03  0.00000000e+00]\n",
      " [ 0.00000000e+00  3.68780865e-04  3.67558400e-06  1.00011841e-02\n",
      "   2.85659483e-08 -8.07957910e-06]\n",
      " [-3.68780865e-04  0.00000000e+00  1.40885151e-03  2.85659483e-08\n",
      "   1.00184644e-02 -4.95327123e-08]\n",
      " [-3.67558400e-06 -1.40885151e-03  0.00000000e+00 -8.07957910e-06\n",
      "  -4.95327123e-08  1.00172805e-02]]\n",
      "ixx: 0.01\n",
      "ixy: -1.12091e-07\n",
      "ixz: 1.02574e-05\n",
      "iyy: 0.01\n",
      "iyz: 1.19785e-06\n",
      "izz: 0.01\n",
      "0.238162\n",
      "[-0.0214141709438, 0.000271725272551, -0.0194402344535]\n",
      "[0.0, 0.0, 0.0]\n",
      "tutto bene\n",
      "[[ 2.38162000e-01  0.00000000e+00  0.00000000e+00  0.00000000e+00\n",
      "  -4.62992512e-03 -6.47146344e-05]\n",
      " [ 0.00000000e+00  2.38162000e-01  0.00000000e+00  4.62992512e-03\n",
      "   0.00000000e+00 -5.10004178e-03]\n",
      " [ 0.00000000e+00  0.00000000e+00  2.38162000e-01  6.47146344e-05\n",
      "   5.10004178e-03  0.00000000e+00]\n",
      " [ 0.00000000e+00  4.62992512e-03  6.47146344e-05  1.00900244e-02\n",
      "   1.27371924e-06 -8.88886079e-05]\n",
      " [-4.62992512e-03  0.00000000e+00  5.10004178e-03  1.27371924e-06\n",
      "   1.01992200e-02  2.45591766e-06]\n",
      " [-6.47146344e-05 -5.10004178e-03  0.00000000e+00 -8.88886079e-05\n",
      "   2.45591766e-06  1.01092308e-02]]\n",
      "ixx: 0.01\n",
      "ixy: 3.60361e-07\n",
      "ixz: 4.94445e-05\n",
      "iyy: 0.01\n",
      "iyz: 2.65919e-07\n",
      "izz: 0.01\n",
      "0.35913\n",
      "[-0.0267620766871, -6.99999999998e-06, 0.0146999207713]\n",
      "[0.0, 0.0, 0.0]\n",
      "tutto bene\n",
      "[[ 3.59130000e-01  0.00000000e+00  0.00000000e+00  0.00000000e+00\n",
      "   5.27918255e-03  2.51391000e-06]\n",
      " [ 0.00000000e+00  3.59130000e-01  0.00000000e+00 -5.27918255e-03\n",
      "   0.00000000e+00 -9.61106460e-03]\n",
      " [ 0.00000000e+00  0.00000000e+00  3.59130000e-01 -2.51391000e-06\n",
      "   9.61106460e-03  0.00000000e+00]\n",
      " [ 0.00000000e+00 -5.27918255e-03 -2.51391000e-06  1.00776036e-02\n",
      "   2.93083548e-07  1.90726388e-04]\n",
      " [ 5.27918255e-03  0.00000000e+00  9.61106460e-03  2.93083548e-07\n",
      "   1.03348156e-02  3.02873278e-07]\n",
      " [ 2.51391000e-06 -9.61106460e-03  0.00000000e+00  1.90726388e-04\n",
      "   3.02873278e-07  1.02572121e-02]]\n",
      "ixx: 0.000509527\n",
      "ixy: 1.19292e-06\n",
      "ixz: -1.17426e-05\n",
      "iyy: 0.000668487\n",
      "iyz: 1.13363e-06\n",
      "izz: 0.000599254\n",
      "0.745104\n",
      "[-0.006087, 0.000126, 0.0293121]\n",
      "[0.0, 1.30899700697, 0.0]\n",
      "tutto bene\n",
      "[[ 7.45104000e-01  0.00000000e+00  0.00000000e+00  0.00000000e+00\n",
      "   2.18405630e-02 -9.38831040e-05]\n",
      " [ 0.00000000e+00  7.45104000e-01  0.00000000e+00 -2.18405630e-02\n",
      "   0.00000000e+00 -4.53544805e-03]\n",
      " [ 0.00000000e+00  0.00000000e+00  7.45104000e-01  9.38831040e-05\n",
      "   4.53544805e-03  0.00000000e+00]\n",
      " [ 0.00000000e+00 -2.18405630e-02  9.38831040e-05  1.22757673e-03\n",
      "   1.97521931e-06  1.65544642e-04]\n",
      " [ 2.18405630e-02  0.00000000e+00  4.53544805e-03  1.97521931e-06\n",
      "   1.33628704e-03 -3.61077823e-06]\n",
      " [-9.38831040e-05 -4.53544805e-03  0.00000000e+00  1.65544642e-04\n",
      "  -3.61077823e-06  5.49027966e-04]]\n",
      "ixx: 0.01\n",
      "ixy: 7.36974e-06\n",
      "ixz: -1.04536e-05\n",
      "iyy: 0.01\n",
      "iyz: 3.92498e-06\n",
      "izz: 0.01\n",
      "0.267903\n",
      "[-0.00673912932843, 0.0188019, -0.00465769236154]\n",
      "[0.0, 0.0, 0.0]\n",
      "tutto bene\n",
      "[[ 2.67903000e-01  0.00000000e+00  0.00000000e+00  0.00000000e+00\n",
      "  -1.24780976e-03 -5.03708542e-03]\n",
      " [ 0.00000000e+00  2.67903000e-01  0.00000000e+00  1.24780976e-03\n",
      "   0.00000000e+00 -1.80543296e-03]\n",
      " [ 0.00000000e+00  0.00000000e+00  2.67903000e-01  5.03708542e-03\n",
      "   1.80543296e-03  0.00000000e+00]\n",
      " [ 0.00000000e+00  1.24780976e-03  5.03708542e-03  1.01005187e-02\n",
      "   4.13153101e-05 -1.88627513e-05]\n",
      " [-1.24780976e-03  0.00000000e+00  1.80543296e-03  4.13153101e-05\n",
      "   1.00179790e-02  2.73861743e-05]\n",
      " [-5.03708542e-03 -1.80543296e-03  0.00000000e+00 -1.88627513e-05\n",
      "   2.73861743e-05  1.01068738e-02]]\n",
      "ixx: 0.000370044\n",
      "ixy: -1.65419e-06\n",
      "ixz: 0.00010538\n",
      "iyy: 0.000672279\n",
      "iyz: 1.1456e-06\n",
      "izz: 0.000553637\n",
      "0.6347\n",
      "[-0.0404391133886, -0.000328, 0.00532733448387]\n",
      "[0.0, 0.0, 0.0]\n",
      "tutto bene\n",
      "[[ 6.34700000e-01  0.00000000e+00  0.00000000e+00  0.00000000e+00\n",
      "   3.38125920e-03  2.08181600e-04]\n",
      " [ 0.00000000e+00  6.34700000e-01  0.00000000e+00 -3.38125920e-03\n",
      "   0.00000000e+00 -2.56667053e-02]\n",
      " [ 0.00000000e+00  0.00000000e+00  6.34700000e-01 -2.08181600e-04\n",
      "   2.56667053e-02  0.00000000e+00]\n",
      " [ 0.00000000e+00 -3.38125920e-03 -2.08181600e-04  3.88125382e-04\n",
      "  -1.00728693e-05  2.42115124e-04]\n",
      " [ 3.38125920e-03  0.00000000e+00  2.56667053e-02 -1.00728693e-05\n",
      "   1.72823090e-03  2.25465302e-06]\n",
      " [ 2.08181600e-04 -2.56667053e-02  0.00000000e+00  2.42115124e-04\n",
      "   2.25465302e-06  1.59164409e-03]]\n",
      "ixx: 0.01\n",
      "ixy: -3.10462e-08\n",
      "ixz: -9.44554e-07\n",
      "iyy: 0.01\n",
      "iyz: -1.59685e-07\n",
      "izz: 0.01\n",
      "0.0362615\n",
      "[0.000986101955547, -0.001176, 0.00410132736724]\n",
      "[0.0, 0.0, 0.0]\n",
      "tutto bene\n",
      "[[ 3.62615000e-02  0.00000000e+00  0.00000000e+00  0.00000000e+00\n",
      "   1.48720282e-04  4.26435240e-05]\n",
      " [ 0.00000000e+00  3.62615000e-02  0.00000000e+00 -1.48720282e-04\n",
      "   0.00000000e+00  3.57575361e-05]\n",
      " [ 0.00000000e+00  0.00000000e+00  3.62615000e-02 -4.26435240e-05\n",
      "  -3.57575361e-05  0.00000000e+00]\n",
      " [ 0.00000000e+00 -1.48720282e-04 -4.26435240e-05  1.00006601e-02\n",
      "   1.10046624e-08 -1.09120736e-06]\n",
      " [ 1.48720282e-04  0.00000000e+00 -3.57575361e-05  1.10046624e-08\n",
      "   1.00006452e-02  1.52100520e-08]\n",
      " [ 4.26435240e-05  3.57575361e-05  0.00000000e+00 -1.09120736e-06\n",
      "   1.52100520e-08  1.00000854e-02]]\n",
      "ixx: 0.01\n",
      "ixy: -2.3536e-06\n",
      "ixz: 3.61526e-05\n",
      "iyy: 0.01\n",
      "iyz: 2.07146e-05\n",
      "izz: 0.01\n",
      "0.248289\n",
      "[-0.064668163717, 0.0056002, 0.0226812940918]\n",
      "[0.0, 0.0, 0.0]\n",
      "tutto bene\n",
      "[[ 2.48289000e-01  0.00000000e+00  0.00000000e+00  0.00000000e+00\n",
      "   5.63151583e-03 -1.39046806e-03]\n",
      " [ 0.00000000e+00  2.48289000e-01  0.00000000e+00 -5.63151583e-03\n",
      "   0.00000000e+00 -1.60563937e-02]\n",
      " [ 0.00000000e+00  0.00000000e+00  2.48289000e-01  1.39046806e-03\n",
      "   1.60563937e-02  0.00000000e+00]\n",
      " [ 0.00000000e+00 -5.63151583e-03  1.39046806e-03  1.01355170e-02\n",
      "   8.75654160e-05  4.00332388e-04]\n",
      " [ 5.63151583e-03  0.00000000e+00  1.60563937e-02  8.75654160e-05\n",
      "   1.11660676e-02 -1.08230149e-05]\n",
      " [-1.39046806e-03 -1.60563937e-02  0.00000000e+00  4.00332388e-04\n",
      "  -1.08230149e-05  1.10461244e-02]]\n",
      "ixx: 0.01\n",
      "ixy: -1.77064e-08\n",
      "ixz: 3.55951e-06\n",
      "iyy: 0.01\n",
      "iyz: 6.57597e-08\n",
      "izz: 0.01\n",
      "0.114882\n",
      "[-0.008985, -3.3e-05, -0.0088998]\n",
      "[0.0, 0.0, 0.0]\n",
      "tutto bene\n",
      "[[ 1.14882000e-01  0.00000000e+00  0.00000000e+00  0.00000000e+00\n",
      "  -1.02242682e-03  3.79110600e-06]\n",
      " [ 0.00000000e+00  1.14882000e-01  0.00000000e+00  1.02242682e-03\n",
      "   0.00000000e+00 -1.03221477e-03]\n",
      " [ 0.00000000e+00  0.00000000e+00  1.14882000e-01 -3.79110600e-06\n",
      "   1.03221477e-03  0.00000000e+00]\n",
      " [ 0.00000000e+00  1.02242682e-03 -3.79110600e-06  1.00090995e-02\n",
      "  -5.17694874e-08 -5.62699501e-06]\n",
      " [-1.02242682e-03  0.00000000e+00  1.03221477e-03 -5.17694874e-08\n",
      "   1.00183738e-02  3.20196148e-08]\n",
      " [ 3.79110600e-06 -1.03221477e-03  0.00000000e+00 -5.62699501e-06\n",
      "   3.20196148e-08  1.00092746e-02]]\n",
      "ixx: 0.01\n",
      "ixy: 1.19701e-07\n",
      "ixz: -1.29687e-05\n",
      "iyy: 0.01\n",
      "iyz: 1.20112e-06\n",
      "izz: 0.01\n",
      "0.238162\n",
      "[0.0214745951272, 0.000268957899687, -0.0194107361535]\n",
      "[0.0, 0.0, 0.0]\n",
      "tutto bene\n",
      "[[ 2.38162000e-01  0.00000000e+00  0.00000000e+00  0.00000000e+00\n",
      "  -4.62289974e-03 -6.40555513e-05]\n",
      " [ 0.00000000e+00  2.38162000e-01  0.00000000e+00  4.62289974e-03\n",
      "   0.00000000e+00  5.11443252e-03]\n",
      " [ 0.00000000e+00  0.00000000e+00  2.38162000e-01  6.40555513e-05\n",
      "  -5.11443252e-03  0.00000000e+00]\n",
      " [ 0.00000000e+00  4.62289974e-03  6.40555513e-05  1.00897511e-02\n",
      "  -1.25586603e-06  8.63062003e-05]\n",
      " [-4.62289974e-03  0.00000000e+00 -5.11443252e-03 -1.25586603e-06\n",
      "   1.01995643e-02  2.44448541e-06]\n",
      " [-6.40555513e-05  5.11443252e-03  0.00000000e+00  8.63062003e-05\n",
      "   2.44448541e-06  1.01098476e-02]]\n",
      "ixx: 0.01\n",
      "ixy: -2.22441e-07\n",
      "ixz: -4.95846e-05\n",
      "iyy: 0.01\n",
      "iyz: 1.07538e-07\n",
      "izz: 0.01\n",
      "0.35913\n",
      "[0.026798412222, -1.6e-05, 0.0146956806177]\n",
      "[0.0, 0.0, 0.0]\n",
      "tutto bene\n",
      "[[ 3.59130000e-01  0.00000000e+00  0.00000000e+00  0.00000000e+00\n",
      "   5.27765978e-03  5.74608000e-06]\n",
      " [ 0.00000000e+00  3.59130000e-01  0.00000000e+00 -5.27765978e-03\n",
      "   0.00000000e+00  9.62411378e-03]\n",
      " [ 0.00000000e+00  0.00000000e+00  3.59130000e-01 -5.74608000e-06\n",
      "  -9.62411378e-03  0.00000000e+00]\n",
      " [ 0.00000000e+00 -5.27765978e-03 -5.74608000e-06  1.00775589e-02\n",
      "  -6.84551795e-08 -1.91017502e-04]\n",
      " [ 5.27765978e-03  0.00000000e+00 -9.62411378e-03 -6.84551795e-08\n",
      "   1.03354698e-02  1.91980556e-07]\n",
      " [ 5.74608000e-06  9.62411378e-03  0.00000000e+00 -1.91017502e-04\n",
      "   1.91980556e-07  1.02579111e-02]]\n",
      "ixx: 0.000509731\n",
      "ixy: -6.90767e-07\n",
      "ixz: 1.20048e-05\n",
      "iyy: 0.00067086\n",
      "iyz: 3.11833e-06\n",
      "izz: 0.000601202\n",
      "0.746799\n",
      "[-0.006121, -0.000189, 0.0293684]\n",
      "[0.0, -1.30899700697, -3.14159265359]\n",
      "tutto bene\n",
      "[[ 7.46799000e-01  0.00000000e+00  0.00000000e+00  0.00000000e+00\n",
      "   2.19322918e-02  1.41145011e-04]\n",
      " [ 0.00000000e+00  7.46799000e-01  0.00000000e+00 -2.19322918e-02\n",
      "   0.00000000e+00 -4.57115668e-03]\n",
      " [ 0.00000000e+00  0.00000000e+00  7.46799000e-01 -1.41145011e-04\n",
      "   4.57115668e-03  0.00000000e+00]\n",
      " [ 0.00000000e+00 -2.19322918e-02 -1.41145011e-04  1.23321520e-03\n",
      "  -4.05480776e-06  1.67511765e-04]\n",
      " [ 2.19322918e-02  0.00000000e+00  4.57115668e-03 -4.05480776e-06\n",
      "   1.34295637e-03  4.00534985e-06]\n",
      " [ 1.41145011e-04 -4.57115668e-03  0.00000000e+00  1.67511765e-04\n",
      "   4.00534985e-06  5.49867517e-04]]\n",
      "ixx: 0.01\n",
      "ixy: -7.37159e-06\n",
      "ixz: 1.04505e-05\n",
      "iyy: 0.01\n",
      "iyz: 3.9319e-06\n",
      "izz: 0.01\n",
      "0.267903\n",
      "[0.00673912932843, 0.0303019, -0.00465769236154]\n",
      "[0.0, 0.0, 0.0]\n",
      "tutto bene\n",
      "[[ 2.67903000e-01  0.00000000e+00  0.00000000e+00  0.00000000e+00\n",
      "  -1.24780976e-03 -8.11796992e-03]\n",
      " [ 0.00000000e+00  2.67903000e-01  0.00000000e+00  1.24780976e-03\n",
      "   0.00000000e+00  1.80543296e-03]\n",
      " [ 0.00000000e+00  0.00000000e+00  2.67903000e-01  8.11796992e-03\n",
      "  -1.80543296e-03  0.00000000e+00]\n",
      " [ 0.00000000e+00  1.24780976e-03  8.11796992e-03  1.02518018e-02\n",
      "  -6.20796391e-05  1.88596513e-05]\n",
      " [-1.24780976e-03  0.00000000e+00 -1.80543296e-03 -6.20796391e-05\n",
      "   1.00179790e-02  4.17429065e-05]\n",
      " [-8.11796992e-03  1.80543296e-03  0.00000000e+00  1.88596513e-05\n",
      "   4.17429065e-05  1.02581570e-02]]\n",
      "ixx: 0.000371447\n",
      "ixy: 4.34562e-06\n",
      "ixz: -0.000105871\n",
      "iyy: 0.000674229\n",
      "iyz: 4.05222e-06\n",
      "izz: 0.000557115\n",
      "0.636185\n",
      "[0.0404511828823, -0.000686, 0.00532363214379]\n",
      "[0.0, 0.0, 0.0]\n",
      "tutto bene\n",
      "[[ 6.36185000e-01  0.00000000e+00  0.00000000e+00  0.00000000e+00\n",
      "   3.38681492e-03  4.36422910e-04]\n",
      " [ 0.00000000e+00  6.36185000e-01  0.00000000e+00 -3.38681492e-03\n",
      "   0.00000000e+00  2.57344358e-02]\n",
      " [ 0.00000000e+00  0.00000000e+00  6.36185000e-01 -4.36422910e-04\n",
      "  -2.57344358e-02  0.00000000e+00]\n",
      " [ 0.00000000e+00 -3.38681492e-03 -4.36422910e-04  3.89776543e-04\n",
      "   2.19994429e-05 -2.42871670e-04]\n",
      " [ 3.38681492e-03  0.00000000e+00 -2.57344358e-02  2.19994429e-05\n",
      "   1.73324752e-03  6.37557503e-06]\n",
      " [ 4.36422910e-04  2.57344358e-02  0.00000000e+00 -2.42871670e-04\n",
      "   6.37557503e-06  1.59840275e-03]]\n",
      "ixx: 0.01\n",
      "ixy: 3.08362e-08\n",
      "ixz: 9.42153e-07\n",
      "iyy: 0.01\n",
      "iyz: -1.58924e-07\n",
      "izz: 0.01\n",
      "0.0362152\n",
      "[-0.000981313804428, -0.001178, 0.00408345773913]\n",
      "[0.0, 0.0, 0.0]\n",
      "tutto bene\n",
      "[[ 3.62152000e-02  0.00000000e+00  0.00000000e+00  0.00000000e+00\n",
      "   1.47883239e-04  4.26615056e-05]\n",
      " [ 0.00000000e+00  3.62152000e-02  0.00000000e+00 -1.47883239e-04\n",
      "   0.00000000e+00 -3.55384757e-05]\n",
      " [ 0.00000000e+00  0.00000000e+00  3.62152000e-02 -4.26615056e-05\n",
      "   3.55384757e-05  0.00000000e+00]\n",
      " [ 0.00000000e+00 -1.47883239e-04 -4.26615056e-05  1.00006541e-02\n",
      "  -1.10281244e-08  1.08727286e-06]\n",
      " [ 1.47883239e-04  0.00000000e+00  3.55384757e-05 -1.10281244e-08\n",
      "   1.00006387e-02  1.52824552e-08]\n",
      " [ 4.26615056e-05 -3.55384757e-05  0.00000000e+00  1.08727286e-06\n",
      "   1.52824552e-08  1.00000851e-02]]\n",
      "ixx: 0.01\n",
      "ixy: 2.96453e-06\n",
      "ixz: -3.68906e-05\n",
      "iyy: 0.01\n",
      "iyz: 2.06885e-05\n",
      "izz: 0.01\n",
      "0.247806\n",
      "[0.0647680204057, 0.0056304, 0.0226602208449]\n",
      "[0.0, 0.0, 0.0]\n",
      "tutto bene\n",
      "[[ 2.47806000e-01  0.00000000e+00  0.00000000e+00  0.00000000e+00\n",
      "   5.61533869e-03 -1.39524690e-03]\n",
      " [ 0.00000000e+00  2.47806000e-01  0.00000000e+00 -5.61533869e-03\n",
      "   0.00000000e+00  1.60499041e-02]\n",
      " [ 0.00000000e+00  0.00000000e+00  2.47806000e-01  1.39524690e-03\n",
      "  -1.60499041e-02  0.00000000e+00]\n",
      " [ 0.00000000e+00 -5.61533869e-03  1.39524690e-03  1.01351006e-02\n",
      "  -8.74028498e-05 -4.00584971e-04]\n",
      " [ 5.61533869e-03  0.00000000e+00 -1.60499041e-02 -8.74028498e-05\n",
      "   1.11667653e-02 -1.09281029e-05]\n",
      " [-1.39524690e-03  1.60499041e-02  0.00000000e+00 -4.00584971e-04\n",
      "  -1.09281029e-05  1.10473763e-02]]\n",
      "ixx: 0.01\n",
      "ixy: 8.09156e-08\n",
      "ixz: -3.74998e-08\n",
      "iyy: 0.01\n",
      "iyz: 9.39717e-06\n",
      "izz: 0.01\n",
