{
 "cells": [
  {
   "cell_type": "code",
   "execution_count": 1,
   "source": [
    "from adam.core.computations import KinDynComputations\n",
    "from adam.core.computationsWithHardwareParameters import KinDynComputationsWithHardwareParameters\n",
    "from adam.geometry import utils\n",
    "import numpy as np\n",
    "import casadi as cs\n",
    "import gym_ignition_models"
   ],
   "outputs": [],
   "metadata": {}
  },
  {
   "cell_type": "code",
   "execution_count": 2,
   "source": [
    "def SX2DM(sx):\n",
    "    return cs.DM(sx)"
   ],
   "outputs": [],
   "metadata": {}
  },
  {
   "cell_type": "markdown",
   "source": [
    "## Import the robot .urdf"
   ],
   "metadata": {}
  },
  {
   "cell_type": "code",
   "execution_count": 3,
   "source": [
    "urdf_path = gym_ignition_models.get_model_file(\"iCubGazeboV2_5\")\n",
    "# The joint list\n",
    "joints_name_list = [\n",
    "    'torso_pitch', 'torso_roll', 'torso_yaw', 'l_shoulder_pitch',\n",
    "    'l_shoulder_roll', 'l_shoulder_yaw', 'l_elbow', 'r_shoulder_pitch',\n",
    "    'r_shoulder_roll', 'r_shoulder_yaw', 'r_elbow', 'l_hip_pitch', 'l_hip_roll',\n",
    "    'l_hip_yaw', 'l_knee', 'l_ankle_pitch', 'l_ankle_roll', 'r_hip_pitch',\n",
    "    'r_hip_roll', 'r_hip_yaw', 'r_knee', 'r_ankle_pitch', 'r_ankle_roll'\n",
    "]\n",
    "# Specify the root link\n",
    "root_link = 'root_link'\n",
    "kinDyn = KinDynComputations(urdf_path, joints_name_list, root_link)\n",
    "kinDynWithHardware = KinDynComputationsWithHardwareParameters(urdf_path, joints_name_list, root_link)"
   ],
   "outputs": [
    {
     "output_type": "stream",
     "name": "stdout",
     "text": [
      "0\n",
      "1\n",
      "2\n",
      "3\n",
      "4\n",
      "5\n",
      "6\n",
      "7\n",
      "8\n",
      "9\n",
      "10\n",
      "11\n",
      "12\n",
      "13\n",
      "14\n",
      "15\n",
      "16\n",
      "17\n",
      "18\n",
      "19\n",
      "20\n",
      "21\n",
      "22\n",
      "0\n",
      "torso_pitch\n",
      "1\n",
      "torso_roll\n",
      "2\n",
      "torso_yaw\n",
      "3\n",
      "l_shoulder_pitch\n",
      "4\n",
      "l_shoulder_roll\n",
      "5\n",
      "l_shoulder_yaw\n",
      "6\n",
      "l_elbow\n",
      "7\n",
      "r_shoulder_pitch\n",
      "8\n",
      "r_shoulder_roll\n",
      "9\n",
      "r_shoulder_yaw\n",
      "10\n",
      "r_elbow\n",
      "11\n",
      "l_hip_pitch\n",
      "12\n",
      "l_hip_roll\n",
      "13\n",
      "l_hip_yaw\n",
      "14\n",
      "l_knee\n",
      "15\n",
      "l_ankle_pitch\n",
      "16\n",
      "l_ankle_roll\n",
      "17\n",
      "r_hip_pitch\n",
      "18\n",
      "r_hip_roll\n",
      "19\n",
      "r_hip_yaw\n",
      "20\n",
      "r_knee\n",
      "21\n",
      "r_ankle_pitch\n",
      "22\n",
      "r_ankle_roll\n"
     ]
    }
   ],
   "metadata": {}
  },
  {
   "cell_type": "markdown",
   "source": [
    "The class `KinDynComputations` contains some algorithms for computing kinematics and dynamics quantities."
   ],
   "metadata": {}
  },
  {
   "cell_type": "code",
   "execution_count": 4,
   "source": [
    "# Set joints and base informations\n",
    "xyz = (np.random.rand(3) - 0.5) * 5\n",
    "rpy = (np.random.rand(3) - 0.5) * 5\n",
    "H_b = utils.H_from_PosRPY(xyz, rpy)\n",
    "v_b = (np.random.rand(6) - 0.5) * 5\n",
    "s = (np.random.rand(len(joints_name_list)) - 0.5) * 5\n",
    "s_dot = (np.random.rand(len(joints_name_list)) - 0.5) * 5\n",
    "masses = (np.random.rand(kinDyn.tree.N))*0.1\n",
    "InertiaMatrix = (np.random.rand(3,3))*0.2"
   ],
   "outputs": [],
   "metadata": {}
  },
  {
   "cell_type": "code",
   "execution_count": null,
   "source": [],
   "outputs": [],
   "metadata": {}
  },
  {
   "cell_type": "markdown",
   "source": [
    "## Mass Matrix"
   ],
   "metadata": {}
  },
  {
   "cell_type": "code",
   "execution_count": 5,
   "source": [
    "M_hardware = kinDynWithHardware.mass_matrix_fun()\n",
    "M = kinDyn.mass_matrix_fun()\n",
    "print('Mass matrix with hardware:\\n', SX2DM(M_hardware(H_b, s, masses, InertiaMatrix)))\n",
    "print('Mass matrix w\\o:\\n', SX2DM(M(H_b, s)))"
   ],
   "outputs": [
    {
     "output_type": "stream",
     "name": "stdout",
     "text": [
      "Mass matrix with hardware:\n",
      " \n",
      "[[2.03203, 4.21467e-08, -1.11535e-07, 1.93101e-08, -0.028272, 0.165029, -0.0836502, 0.0339601, -0.0102784, -0.0188613, 0.0608513, 0.00187173, -0.0249998, 0.0676905, 0.011946, 0.011611, 0.00630199, 0.0209054, -0.0422467, -0.0221535, -0.0122228, -0.000685963, 0.00379076, 0.0161437, 0.0480583, 0.0125577, -0.00259273, 0.00288166, 8.53003e-05], \n",
      " [4.21467e-08, 2.03202, 4.51936e-09, 0.028272, -1.37361e-09, 0.252951, -0.125974, 0.176477, -0.0356519, -0.00769044, -0.0109646, -0.00041134, -0.0104943, -0.00496461, 0.0148289, -0.00119041, 0.017707, 0.0152775, -0.0283471, -0.0154116, 0.0240779, 0.00224889, 0.00089331, 0.0276555, 0.0509703, 0.0178259, 0.0206672, -0.000500591, 0.000629062], \n",
      " [-1.11535e-07, 4.51936e-09, 2.03203, -0.165029, -0.252951, -1.79365e-08, -0.195978, -0.113772, 0.00716841, 0.0245155, 0.0534419, 0.00192338, 0.00747512, -0.0109777, 0.0699395, -0.0042486, 0.0172156, 0.0204434, 0.00334408, -0.00859507, -0.00922847, -0.00279685, -0.00301922, 0.0437099, -0.0326606, 0.0154945, -0.0254318, -0.00246804, 0.00352281], \n",
      " [1.93101e-08, 0.028272, -0.165029, 2.41816, -0.382985, 1.86297, -1.21324, 0.312926, -0.44236, 0.658123, 0.397511, 0.364665, 0.191099, -1.09501, 0.754047, -0.159399, 0.349995, 0.130175, -0.429967, -0.320647, 0.435911, -0.252212, 0.0991136, 0.323836, 1.1338, 0.669656, 0.698117, -0.528703, 0.318663], \n",
      " [-0.028272, -1.37361e-09, -0.252951, 0.56648, 2.89255, -2.31401, 3.85639, 0.306975, 0.769449, -1.58308, -1.18513, -1.399, 0.48354, 0.617116, 0.175787, 0.0662183, 0.171394, 0.0776033, 0.2016, -0.110172, -0.0980033, 0.0840721, -0.0455245, 0.336786, 0.0608398, 0.447556, 0.140943, -0.131081, 0.294541], \n",
      " [0.165029, 0.252951, -1.79365e-08, 0.788477, -1.17767, 3.71321, -1.36824, 0.786191, -0.623038, 0.580172, 0.650852, 0.615145, -0.212528, -0.656358, 0.470762, 0.0837574, 0.402067, 0.803611, -0.726648, -0.482813, -0.167475, 0.123656, -0.498817, 0.62976, 0.588322, 0.480722, 0.324578, -0.229775, 0.268133], \n",
      " [-0.0836502, -0.125974, -0.195978, -1.21324, 3.85639, -1.36824, 4.16591, -0.167117, 1.03229, -1.74331, -1.39643, -1.55789, 0.490593, 1.01603, -0.19242, 0.04007, -0.10173, 0, 0, 0, 0, 0, 0, 0, 0, 0, 0, 0, 0], \n",
      " [0.0339601, 0.176477, -0.113772, 0.312926, 0.306975, 0.786191, -0.167117, 0.867213, -0.209743, -0.201254, 0.016063, -0.130091, 0.101099, -0.430893, 0.619436, 0.076282, 0.487356, 0, 0, 0, 0, 0, 0, 0, 0, 0, 0, 0, 0], \n",
      " [-0.0102784, -0.0356519, 0.00716841, -0.44236, 0.769449, -0.623038, 1.03229, -0.209743, 0.622727, -1.06093, -0.696167, -0.72656, -0.0531011, 1.20499, -0.658847, 0.173999, -0.275042, 0, 0, 0, 0, 0, 0, 0, 0, 0, 0, 0, 0], \n",
      " [-0.0188613, -0.00769044, 0.0245155, 0.658123, -1.58308, 0.580172, -1.74331, -0.201254, -1.06093, 0.888314, 0.58189, 0.797461, -0.36083, 0, 0, 0, 0, 0, 0, 0, 0, 0, 0, 0, 0, 0, 0, 0, 0], \n",
      " [0.0608513, -0.0109646, 0.0534419, 0.397511, -1.18513, 0.650852, -1.39643, 0.016063, -0.696167, 0.58189, 0.418183, 0.466416, -0.370537, 0, 0, 0, 0, 0, 0, 0, 0, 0, 0, 0, 0, 0, 0, 0, 0], \n",
      " [0.00187173, -0.00041134, 0.00192338, 0.364665, -1.399, 0.615145, -1.55789, -0.130091, -0.72656, 0.797461, 0.466416, 1.22553, -0.415372, 0, 0, 0, 0, 0, 0, 0, 0, 0, 0, 0, 0, 0, 0, 0, 0], \n",
      " [-0.0249998, -0.0104943, 0.00747512, 0.191099, 0.48354, -0.212528, 0.490593, 0.101099, -0.0531011, -0.36083, -0.370537, -0.415372, 0.216297, 0, 0, 0, 0, 0, 0, 0, 0, 0, 0, 0, 0, 0, 0, 0, 0], \n",
      " [0.0676905, -0.00496461, -0.0109777, -1.09501, 0.617116, -0.656358, 1.01603, -0.430893, 1.20499, 0, 0, 0, 0, 0.436242, -0.6223, -0.0761922, -0.486383, 0, 0, 0, 0, 0, 0, 0, 0, 0, 0, 0, 0], \n",
      " [0.011946, 0.0148289, 0.0699395, 0.754047, 0.175787, 0.470762, -0.19242, 0.619436, -0.658847, 0, 0, 0, 0, -0.6223, 0.654494, -0.175305, 0.270031, 0, 0, 0, 0, 0, 0, 0, 0, 0, 0, 0, 0], \n",
      " [0.011611, -0.00119041, -0.0042486, -0.159399, 0.0662183, 0.0837574, 0.04007, 0.076282, 0.173999, 0, 0, 0, 0, -0.0761922, -0.175305, -0.0467785, -0.18209, 0, 0, 0, 0, 0, 0, 0, 0, 0, 0, 0, 0], \n",
      " [0.00630199, 0.017707, 0.0172156, 0.349995, 0.171394, 0.402067, -0.10173, 0.487356, -0.275042, 0, 0, 0, 0, -0.486383, 0.270031, -0.18209, 0.216182, 0, 0, 0, 0, 0, 0, 0, 0, 0, 0, 0, 0], \n",
      " [0.0209054, 0.0152775, 0.0204434, 0.130175, 0.0776033, 0.803611, 0, 0, 0, 0, 0, 0, 0, 0, 0, 0, 0, 0.348674, -0.595154, -0.191626, 0.0685035, -0.0500953, -0.189608, 0, 0, 0, 0, 0, 0], \n",
      " [-0.0422467, -0.0283471, 0.00334408, -0.429967, 0.2016, -0.726648, 0, 0, 0, 0, 0, 0, 0, 0, 0, 0, 0, -0.595154, 0.441564, 0.393699, 0.287564, -0.203523, 0.473393, 0, 0, 0, 0, 0, 0], \n",
      " [-0.0221535, -0.0154116, -0.00859507, -0.320647, -0.110172, -0.482813, 0, 0, 0, 0, 0, 0, 0, 0, 0, 0, 0, -0.191626, 0.393699, 0.272194, -0.146556, 0.0926711, 0.181352, 0, 0, 0, 0, 0, 0], \n",
      " [-0.0122228, 0.0240779, -0.00922847, 0.435911, -0.0980033, -0.167475, 0, 0, 0, 0, 0, 0, 0, 0, 0, 0, 0, 0.0685035, 0.287564, -0.146556, 0.286944, -0.145347, -0.0388177, 0, 0, 0, 0, 0, 0], \n",
      " [-0.000685963, 0.00224889, -0.00279685, -0.252212, 0.0840721, 0.123656, 0, 0, 0, 0, 0, 0, 0, 0, 0, 0, 0, -0.0500953, -0.203523, 0.0926711, -0.145347, 0.145991, 0.0388883, 0, 0, 0, 0, 0, 0], \n",
      " [0.00379076, 0.00089331, -0.00301922, 0.0991136, -0.0455245, -0.498817, 0, 0, 0, 0, 0, 0, 0, 0, 0, 0, 0, -0.189608, 0.473393, 0.181352, -0.0388177, 0.0388883, 0.0672403, 0, 0, 0, 0, 0, 0], \n",
      " [0.0161437, 0.0276555, 0.0437099, 0.323836, 0.336786, 0.62976, 0, 0, 0, 0, 0, 0, 0, 0, 0, 0, 0, 0, 0, 0, 0, 0, 0, 0.0732218, 0.406703, -0.0461388, 0.141208, -0.079442, -0.0738413], \n",
      " [0.0480583, 0.0509703, -0.0326606, 1.1338, 0.0608398, 0.588322, 0, 0, 0, 0, 0, 0, 0, 0, 0, 0, 0, 0, 0, 0, 0, 0, 0, 0.406703, 0.604809, 0.67683, 0.393696, -0.294046, 0.396874], \n",
      " [0.0125577, 0.0178259, 0.0154945, 0.669656, 0.447556, 0.480722, 0, 0, 0, 0, 0, 0, 0, 0, 0, 0, 0, 0, 0, 0, 0, 0, 0, -0.0461388, 0.67683, 0.237615, 0.412688, -0.289824, 0.0674822], \n",
      " [-0.00259273, 0.0206672, -0.0254318, 0.698117, 0.140943, 0.324578, 0, 0, 0, 0, 0, 0, 0, 0, 0, 0, 0, 0, 0, 0, 0, 0, 0, 0.141208, 0.393696, 0.412688, 0.633542, -0.490649, 0.50609], \n",
      " [0.00288166, -0.000500591, -0.00246804, -0.528703, -0.131081, -0.229775, 0, 0, 0, 0, 0, 0, 0, 0, 0, 0, 0, 0, 0, 0, 0, 0, 0, -0.079442, -0.294046, -0.289824, -0.490649, 0.490996, -0.506589], \n",
      " [8.53003e-05, 0.000629062, 0.00352281, 0.318663, 0.294541, 0.268133, 0, 0, 0, 0, 0, 0, 0, 0, 0, 0, 0, 0, 0, 0, 0, 0, 0, -0.0738413, 0.396874, 0.0674822, 0.50609, -0.506589, 0.0671916]]\n",
      "Mass matrix w\\o:\n",
      " \n",
      "[[33.0617, 2.43186e-07, -6.53573e-07, 1.12571e-07, 0.222546, 2.16546, -0.795427, 0.123777, -0.123189, -0.0930635, 0.295355, 0.00679254, -0.0955711, 0.343653, 0.0606308, 0.0467964, 0.0263207, 0.276347, -0.795719, -0.306195, -0.159985, -0.00179773, 0.0252886, 0.199052, 0.863319, 0.149811, -0.0222026, 0.024288, 0.00120541], \n",
      " [2.43186e-07, 33.0617, 1.57193e-08, -0.222546, -7.13457e-09, 2.51834, -1.44273, 1.99958, -0.39525, -0.0348074, -0.05543, -0.000846721, -0.0437715, -0.0260073, 0.0629244, -0.00480182, 0.0787358, 0.215993, -0.459745, -0.195175, 0.316122, 0.0135292, 0.00587896, 0.401508, 0.763805, 0.209656, 0.240249, -0.00701542, 0.00625059], \n",
      " [-6.53573e-07, 1.57193e-08, 33.0617, -2.16546, -2.51834, -1.05436e-07, -2.2947, -1.23463, -0.221584, 0.115291, 0.258806, 0.00428846, 0.0277384, -0.0552546, 0.362421, -0.0172018, 0.0701518, 0.294964, 0.0243763, -0.0909806, -0.123245, -0.0267155, -0.0203707, 0.6455, -0.498756, 0.179173, -0.304319, -0.0169772, 0.0323811], \n",
      " [1.12571e-07, -0.222546, -2.16546, 1.13949, 0.191229, 0.095252, -0.0743531, 0.206403, -0.536823, -0.061175, -0.128639, -0.00253919, -0.0297381, -0.0235893, 0.134879, -0.0092836, 0.0525386, -0.0346641, 0.00801223, 0.00241808, 0.040781, -0.00563583, -0.00153136, -0.21264, 0.052812, -0.0640998, 0.0730836, -0.00090304, -0.00175571], \n",
      " [0.222546, -7.13457e-09, -2.51834, 0.191229, 1.09048, 0.0460559, 0.728976, 0.292553, 0.12832, -0.0562025, -0.0927852, -0.0420868, 0.0181059, -0.0169828, -0.0742004, -0.0398145, -0.0165615, -0.0314515, -0.0341412, 0.0223826, 0.0138452, -0.00507402, 0.00866618, -0.0842677, 0.171002, -0.0263813, 0.0592252, -0.00271795, -0.0136796], \n",
      " [2.16546, 2.51834, -1.05436e-07, 0.095252, 0.0460559, 1.6388, -0.617538, 0.783347, -0.0681241, -0.0645995, 0.12722, -0.00622548, -0.0742966, -0.137435, -0.0102367, -0.0143214, -0.000964951, 0.05662, -0.114985, -0.0574873, -0.0165329, -0.00198443, 0.000537372, 0.122515, 0.338824, 0.0848272, 0.0419513, -0.00055515, 0.00266671], \n",
      " [-0.795427, -1.44273, -2.2947, -0.0743531, 0.728976, -0.617538, 0.939323, -0.162063, 0.224515, -0.00755066, -0.122468, -0.0327562, 0.0563191, 0.0560527, -0.0791258, -0.0258336, -0.0216881, 0, 0, 0, 0, 0, 0, 0, 0, 0, 0, 0, 0], \n",
      " [0.123777, 1.99958, -1.23463, 0.206403, 0.292553, 0.783347, -0.162063, 0.771517, -0.0796076, -0.091491, 0.0442979, -0.0270021, -0.0574223, -0.127068, -0.0184751, -0.0338849, -0.000953017, 0, 0, 0, 0, 0, 0, 0, 0, 0, 0, 0, 0], \n",
      " [-0.123189, -0.39525, -0.221584, -0.536823, 0.12832, -0.0681241, 0.224515, -0.0796076, 0.542814, 0.0410302, 0.103125, -0.00958775, 0.0308584, 0.0142555, -0.147145, -0.00277871, -0.053666, 0, 0, 0, 0, 0, 0, 0, 0, 0, 0, 0, 0], \n",
      " [-0.0930635, -0.0348074, 0.115291, -0.061175, -0.0562025, -0.0645995, -0.00755066, -0.091491, 0.0410302, 0.0746964, 0.00375588, 0.038269, 0.0207255, 0, 0, 0, 0, 0, 0, 0, 0, 0, 0, 0, 0, 0, 0, 0, 0], \n",
      " [0.295355, -0.05543, 0.258806, -0.128639, -0.0927852, 0.12722, -0.122468, 0.0442979, 0.103125, 0.00375588, 0.138887, 0.00410752, -0.028259, 0, 0, 0, 0, 0, 0, 0, 0, 0, 0, 0, 0, 0, 0, 0, 0], \n",
      " [0.00679254, -0.000846721, 0.00428846, -0.00253919, -0.0420868, -0.00622548, -0.0327562, -0.0270021, -0.00958775, 0.038269, 0.00410752, 0.0413142, -0.000763579, 0, 0, 0, 0, 0, 0, 0, 0, 0, 0, 0, 0, 0, 0, 0, 0], \n",
      " [-0.0955711, -0.0437715, 0.0277384, -0.0297381, 0.0181059, -0.0742966, 0.0563191, -0.0574223, 0.0308584, 0.0207255, -0.028259, -0.000763579, 0.0464212, 0, 0, 0, 0, 0, 0, 0, 0, 0, 0, 0, 0, 0, 0, 0, 0], \n",
      " [0.343653, -0.0260073, -0.0552546, -0.0235893, -0.0169828, -0.137435, 0.0560527, -0.127068, 0.0142555, 0, 0, 0, 0, 0.131737, -0.000565711, 0.0348397, 0.00564256, 0, 0, 0, 0, 0, 0, 0, 0, 0, 0, 0, 0], \n",
      " [0.0606308, 0.0629244, 0.362421, 0.134879, -0.0742004, -0.0102367, -0.0791258, -0.0184751, -0.147145, 0, 0, 0, 0, -0.000565711, 0.129375, -0.00298453, 0.057088, 0, 0, 0, 0, 0, 0, 0, 0, 0, 0, 0, 0], \n",
      " [0.0467964, -0.00480182, -0.0172018, -0.0092836, -0.0398145, -0.0143214, -0.0258336, -0.0338849, -0.00277871, 0, 0, 0, 0, 0.0348397, -0.00298453, 0.0459179, -0.000602814, 0, 0, 0, 0, 0, 0, 0, 0, 0, 0, 0, 0], \n",
      " [0.0263207, 0.0787358, 0.0701518, 0.0525386, -0.0165615, -0.000964951, -0.0216881, -0.000953017, -0.053666, 0, 0, 0, 0, 0.00564256, 0.057088, -0.000602814, 0.0464232, 0, 0, 0, 0, 0, 0, 0, 0, 0, 0, 0, 0], \n",
      " [0.276347, 0.215993, 0.294964, -0.0346641, -0.0314515, 0.05662, 0, 0, 0, 0, 0, 0, 0, 0, 0, 0, 0, 0.0982858, -0.0678435, -0.0744794, -0.010309, 0.000628649, -0.00859236, 0, 0, 0, 0, 0, 0], \n",
      " [-0.795719, -0.459745, 0.0243763, 0.00801223, -0.0341412, -0.114985, 0, 0, 0, 0, 0, 0, 0, 0, 0, 0, 0, -0.0678435, 0.209158, 0.0733879, -0.0150658, 7.37295e-05, -0.00755508, 0, 0, 0, 0, 0, 0], \n",
      " [-0.306195, -0.195175, -0.0909806, 0.00241808, 0.0223826, -0.0574873, 0, 0, 0, 0, 0, 0, 0, 0, 0, 0, 0, -0.0744794, 0.0733879, 0.0724222, -0.00110702, 0.000353428, 0.00779733, 0, 0, 0, 0, 0, 0], \n",
      " [-0.159985, 0.316122, -0.123245, 0.040781, 0.0138452, -0.0165329, 0, 0, 0, 0, 0, 0, 0, 0, 0, 0, 0, -0.010309, -0.0150658, -0.00110702, 0.0731683, -0.00844027, -4.23637e-05, 0, 0, 0, 0, 0, 0], \n",
      " [-0.00179773, 0.0135292, -0.0267155, -0.00563583, -0.00507402, -0.00198443, 0, 0, 0, 0, 0, 0, 0, 0, 0, 0, 0, 0.000628649, 7.37295e-05, 0.000353428, -0.00844027, 0.0128819, 0.000517428, 0, 0, 0, 0, 0, 0], \n",
      " [0.0252886, 0.00587896, -0.0203707, -0.00153136, 0.00866618, 0.000537372, 0, 0, 0, 0, 0, 0, 0, 0, 0, 0, 0, -0.00859236, -0.00755508, 0.00779733, -4.23637e-05, 0.000517428, 0.0120266, 0, 0, 0, 0, 0, 0], \n",
      " [0.199052, 0.401508, 0.6455, -0.21264, -0.0842677, 0.122515, 0, 0, 0, 0, 0, 0, 0, 0, 0, 0, 0, 0, 0, 0, 0, 0, 0, 0.194228, 0.040632, 0.088508, -0.0359857, 0.000289099, 0.0164812], \n",
      " [0.863319, 0.763805, -0.498756, 0.052812, 0.171002, 0.338824, 0, 0, 0, 0, 0, 0, 0, 0, 0, 0, 0, 0, 0, 0, 0, 0, 0, 0.040632, 0.403495, 0.0545159, 0.109894, -0.00383552, -0.00575472], \n",
      " [0.149811, 0.209656, 0.179173, -0.0640998, -0.0263813, 0.0848272, 0, 0, 0, 0, 0, 0, 0, 0, 0, 0, 0, 0, 0, 0, 0, 0, 0, 0.088508, 0.0545159, 0.0556706, -0.00301749, -0.000708134, 0.0142541], \n",
      " [-0.0222026, 0.240249, -0.304319, 0.0730836, 0.0592252, 0.0419513, 0, 0, 0, 0, 0, 0, 0, 0, 0, 0, 0, 0, 0, 0, 0, 0, 0, -0.0359857, 0.109894, -0.00301749, 0.0782057, -0.0109407, -0.00402448], \n",
      " [0.024288, -0.00701542, -0.0169772, -0.00090304, -0.00271795, -0.00055515, 0, 0, 0, 0, 0, 0, 0, 0, 0, 0, 0, 0, 0, 0, 0, 0, 0, 0.000289099, -0.00383552, -0.000708134, -0.0109407, 0.0129211, -0.000502937], \n",
      " [0.00120541, 0.00625059, 0.0323811, -0.00175571, -0.0136796, 0.00266671, 0, 0, 0, 0, 0, 0, 0, 0, 0, 0, 0, 0, 0, 0, 0, 0, 0, 0.0164812, -0.00575472, 0.0142541, -0.00402448, -0.000502937, 0.0120268]]\n"
     ]
    }
   ],
   "metadata": {}
  },
  {
   "cell_type": "markdown",
   "source": [
    "## Centroidal Momentum Matrix"
   ],
   "metadata": {}
  },
  {
   "cell_type": "code",
   "execution_count": 6,
   "source": [
    "Jcm_hardware = kinDynWithHardware.centroidal_momentum_matrix_fun()\n",
    "Jcmm = kinDyn.centroidal_momentum_matrix_fun()\n",
    "print('Centroidal Momentum Matrix with Hardware:\\n', SX2DM(Jcm_hardware(H_b, s, masses, InertiaMatrix)))\n",
    "print('Centroidal Momentum Matrix w\\o Hardware: \\n', SX2DM(Jcmm(H_b, s)))"
   ],
   "outputs": [
    {
     "output_type": "stream",
     "name": "stdout",
     "text": [
      "Centroidal Momentum Matrix with Hardware:\n",
      " \n",
      "[[2.03203, 4.21467e-08, -1.11535e-07, 1.93101e-08, -0.028272, 0.165029, -0.0836502, 0.0339601, -0.0102784, -0.0188613, 0.0608513, 0.00187173, -0.0249998, 0.0676905, 0.011946, 0.011611, 0.00630199, 0.0209054, -0.0422467, -0.0221535, -0.0122228, -0.000685963, 0.00379076, 0.0161437, 0.0480583, 0.0125577, -0.00259273, 0.00288166, 8.53003e-05], \n",
      " [4.21467e-08, 2.03202, 4.51936e-09, 0.028272, -1.37361e-09, 0.252951, -0.125974, 0.176477, -0.0356519, -0.00769044, -0.0109646, -0.00041134, -0.0104943, -0.00496461, 0.0148289, -0.00119041, 0.017707, 0.0152775, -0.0283471, -0.0154116, 0.0240779, 0.00224889, 0.00089331, 0.0276555, 0.0509703, 0.0178259, 0.0206672, -0.000500591, 0.000629062], \n",
      " [-1.11535e-07, 4.51936e-09, 2.03203, -0.165029, -0.252951, -1.79365e-08, -0.195978, -0.113772, 0.00716841, 0.0245155, 0.0534419, 0.00192338, 0.00747512, -0.0109777, 0.0699395, -0.0042486, 0.0172156, 0.0204434, 0.00334408, -0.00859507, -0.00922847, -0.00279685, -0.00301922, 0.0437099, -0.0326606, 0.0154945, -0.0254318, -0.00246804, 0.00352281], \n",
      " [2.89757e-08, 1.28983e-08, 3.5444e-09, 2.40437, -0.403528, 1.85945, -1.2274, 0.301231, -0.441282, 0.660221, 0.402003, 0.364827, 0.191852, -1.09583, 0.759521, -0.159728, 0.351147, 0.131623, -0.429301, -0.321131, 0.434827, -0.25247, 0.0988559, 0.327001, 1.13044, 0.670666, 0.695764, -0.528896, 0.31894], \n",
      " [-3.13865e-09, -1.59823e-09, 9.58103e-10, 0.545936, 2.86067, -2.31171, 3.83083, 0.293285, 0.770198, -1.58029, -1.17763, -1.39873, 0.484123, 0.616691, 0.184659, 0.065851, 0.173624, 0.080439, 0.201429, -0.11155, -0.0993222, 0.0837144, -0.0458476, 0.342452, 0.0574427, 0.44966, 0.137741, -0.131348, 0.294981], \n",
      " [-4.49276e-09, 5.22441e-09, -2.73775e-08, 0.784957, -1.17537, 3.66832, -1.34576, 0.761465, -0.617766, 0.582661, 0.647275, 0.615044, -0.209191, -0.661237, 0.467945, 0.0829626, 0.399351, 0.800012, -0.719688, -0.479096, -0.169479, 0.123432, -0.499236, 0.625007, 0.578074, 0.477483, 0.322215, -0.229946, 0.268048]]\n",
      "Centroidal Momentum Matrix w\\o Hardware: \n",
      " \n",
      "[[33.0617, 2.43186e-07, -6.53573e-07, 1.12571e-07, 0.222546, 2.16546, -0.795427, 0.123777, -0.123189, -0.0930635, 0.295355, 0.00679254, -0.0955711, 0.343653, 0.0606308, 0.0467964, 0.0263207, 0.276347, -0.795719, -0.306195, -0.159985, -0.00179773, 0.0252886, 0.199052, 0.863319, 0.149811, -0.0222026, 0.024288, 0.00120541], \n",
      " [2.43186e-07, 33.0617, 1.57193e-08, -0.222546, -7.13457e-09, 2.51834, -1.44273, 1.99958, -0.39525, -0.0348074, -0.05543, -0.000846721, -0.0437715, -0.0260073, 0.0629244, -0.00480182, 0.0787358, 0.215993, -0.459745, -0.195175, 0.316122, 0.0135292, 0.00587896, 0.401508, 0.763805, 0.209656, 0.240249, -0.00701542, 0.00625059], \n",
      " [-6.53573e-07, 1.57193e-08, 33.0617, -2.16546, -2.51834, -1.05436e-07, -2.2947, -1.23463, -0.221584, 0.115291, 0.258806, 0.00428846, 0.0277384, -0.0552546, 0.362421, -0.0172018, 0.0701518, 0.294964, 0.0243763, -0.0909806, -0.123245, -0.0267155, -0.0203707, 0.6455, -0.498756, 0.179173, -0.304319, -0.0169772, 0.0323811], \n",
      " [1.83971e-07, 6.16436e-08, 1.63586e-08, 0.996155, 0.0262832, 0.112204, -0.234362, 0.138997, -0.553997, -0.0538581, -0.112061, -0.002264, -0.0282159, -0.0273834, 0.159041, -0.0104426, 0.0576634, -0.0138907, 0.00651416, -0.00485471, 0.0348366, -0.00729457, -0.00282602, -0.167659, 0.0252859, -0.0509532, 0.0547685, -0.00206223, 0.000407253], \n",
      " [1.56018e-08, -1.47087e-08, 4.26479e-09, 0.0262832, 0.897156, 0.0314797, 0.55954, 0.197676, 0.112271, -0.0467943, -0.0750598, -0.0418058, 0.0208621, -0.0235049, -0.0470025, -0.0414398, -0.0113951, -0.0108439, -0.0269283, 0.0175136, 0.00553441, -0.00709687, 0.00694431, -0.0364391, 0.1272, -0.0137419, 0.0361943, -0.00417461, -0.0112212], \n",
      " [-1.76615e-08, 3.96554e-09, -1.69262e-07, 0.112204, 0.0314797, 1.30514, -0.455545, 0.622929, -0.0299489, -0.0558527, 0.112097, -0.00660588, -0.0647028, -0.157963, -0.0190009, -0.0170207, -0.00868628, 0.0220675, -0.0278482, -0.0225655, -0.0301336, -0.00289721, -0.00156678, 0.078894, 0.224099, 0.0590453, 0.0251055, -0.00161159, 0.00211165]]\n"
     ]
    }
   ],
   "metadata": {}
  },
  {
   "cell_type": "markdown",
   "source": [],
   "metadata": {}
  },
  {
   "cell_type": "markdown",
   "source": [
    "## Center of mass position"
   ],
   "metadata": {}
  },
  {
   "cell_type": "code",
   "execution_count": 7,
   "source": [
    "CoM = kinDyn.CoM_position_fun()\n",
    "CoM_hardware = kinDynWithHardware.CoM_position_fun()\n",
    "print('Center of Mass position:\\n', SX2DM(CoM(H_b, s)))\n",
    "print('Center of Mass position:\\n', SX2DM(CoM_hardware(H_b, s, masses)))"
   ],
   "outputs": [
    {
     "output_type": "stream",
     "name": "stdout",
     "text": [
      "this is the CoM function with the mass\n",
      "Center of Mass position:\n",
      " [-1.04747, 0.246362, -2.04766]\n",
      "Center of Mass position:\n",
      " [nan, nan, nan]\n"
     ]
    }
   ],
   "metadata": {}
  },
  {
   "cell_type": "markdown",
   "source": [
    "## Total Mass"
   ],
   "metadata": {}
  },
  {
   "cell_type": "code",
   "execution_count": 8,
   "source": [
    "print('Total mass:\\n', kinDyn.get_total_mass())"
   ],
   "outputs": [
    {
     "output_type": "stream",
     "name": "stdout",
     "text": [
      "Total mass:\n",
      " 33.06167270000001\n"
     ]
    }
   ],
   "metadata": {}
  },
  {
   "cell_type": "markdown",
   "source": [
    "## Jacobian"
   ],
   "metadata": {}
  },
  {
   "cell_type": "code",
   "execution_count": 9,
   "source": [
    "J = kinDyn.jacobian_fun('l_sole')\n",
    "print('Jacobian of the left sole:\\n', SX2DM(J(H_b, s)))"
   ],
   "outputs": [
    {
     "output_type": "stream",
     "name": "stdout",
     "text": [
      "Jacobian of the left sole:\n",
      " \n",
      "[[1, 0, 0, 0, -0.0195197, 0.146083, 0, 0, 0, 0, 0, 0, 0, 0, 0, 0, 0, 0.108982, -0.168021, -0.112253, -0.0628971, -0.0186165, 0.0512249, 0, 0, 0, 0, 0, 0], \n",
      " [0, 1, 0, 0.0195197, 0, 0.0535465, 0, 0, 0, 0, 0, 0, 0, 0, 0, 0, 0, 0.0902324, -0.153208, -0.096211, 0.130323, 0.0361322, 0.0134727, 0, 0, 0, 0, 0, 0], \n",
      " [0, 0, 1, -0.146083, -0.0535465, 0, 0, 0, 0, 0, 0, 0, 0, 0, 0, 0, 0, 0.12522, 0.0343643, -0.0718089, -0.0637916, -0.0126831, -0.0368069, 0, 0, 0, 0, 0, 0], \n",
      " [0, 0, 0, 1, 0, 0, 0, 0, 0, 0, 0, 0, 0, 0, 0, 0, 0, 0.150798, 0.233003, -0.352098, 0.841277, -0.841277, -0.437221, 0, 0, 0, 0, 0, 0], \n",
      " [0, 0, 0, 0, 1, 0, 0, 0, 0, 0, 0, 0, 0, 0, 0, 0, 0, -0.859612, -0.449014, 0.787891, 0.502995, -0.502995, 0.848592, 0, 0, 0, 0, 0, 0], \n",
      " [0, 0, 0, 0, 0, 1, 0, 0, 0, 0, 0, 0, 0, 0, 0, 0, 0, 0.488187, -0.86261, -0.505228, 0.198114, -0.198114, -0.297873, 0, 0, 0, 0, 0, 0]]\n"
     ]
    }
   ],
   "metadata": {}
  },
  {
   "cell_type": "markdown",
   "source": [
    "## Relative jacobian"
   ],
   "metadata": {}
  },
  {
   "cell_type": "code",
   "execution_count": 10,
   "source": [
    "J_r = kinDyn.relative_jacobian_fun('l_sole')\n",
    "print('Jacobian between the root link and left sole:\\n', SX2DM(J_r(s)))"
   ],
   "outputs": [
    {
     "output_type": "stream",
     "name": "stdout",
     "text": [
      "Jacobian between the root link and left sole:\n",
      " \n",
      "[[0, 0, 0, 0, 0, 0, 0, 0, 0, 0, 0, 0.165822, -0.0686106, -0.123642, 0.00386661, 0.0052008, -0.0183881, 0, 0, 0, 0, 0, 0], \n",
      " [0, 0, 0, 0, 0, 0, 0, 0, 0, 0, 0, -3.43327e-14, 0.123138, 0.0307205, -0.152654, -0.0400588, -0.0218253, 0, 0, 0, 0, 0, 0], \n",
      " [0, 0, 0, 0, 0, 0, 0, 0, 0, 0, 0, 0.0905645, -0.181698, -0.103839, -0.0411244, -0.0134617, 0.0578427, 0, 0, 0, 0, 0, 0], \n",
      " [0, 0, 0, 0, 0, 0, 0, 0, 0, 0, 0, 2.07045e-13, -0.935525, -0.0752936, 0.525905, -0.525905, 0.122145, 0, 0, 0, 0, 0, 0], \n",
      " [0, 0, 0, 0, 0, 0, 0, 0, 0, 0, 0, 1, 1.93474e-13, -0.977022, -0.2088, 0.2088, -0.94081, 0, 0, 0, 0, 0, 0], \n",
      " [0, 0, 0, 0, 0, 0, 0, 0, 0, 0, 0, 0, 0.353262, -0.199396, 0.824516, -0.824516, -0.316159, 0, 0, 0, 0, 0, 0]]\n"
     ]
    }
   ],
   "metadata": {}
  },
  {
   "cell_type": "markdown",
   "source": [
    "## Forward kinematics"
   ],
   "metadata": {}
  },
  {
   "cell_type": "code",
   "execution_count": 11,
   "source": [
    "H = kinDyn.forward_kinematics_fun('l_sole')\n",
    "print('Forward kinematics to the left sole:\\n', SX2DM(H(H_b, s)))"
   ],
   "outputs": [
    {
     "output_type": "stream",
     "name": "stdout",
     "text": [
      "Forward kinematics to the left sole:\n",
      " \n",
      "[[-0.437221, 0.794184, -0.42203, -1.07009], \n",
      " [0.848592, 0.208879, -0.486066, 0.165777], \n",
      " [-0.297873, -0.57065, -0.765265, -2.07391], \n",
      " [0, 0, 0, 1]]\n"
     ]
    }
   ],
   "metadata": {}
  },
  {
   "cell_type": "markdown",
   "source": [
    "## Bias force term"
   ],
   "metadata": {}
  },
  {
   "cell_type": "code",
   "execution_count": 12,
   "source": [
    "h = kinDyn.bias_force_fun()\n",
    "print('Bias force term:\\n', SX2DM(h(H_b, s, v_b, s_dot, InertiaMatrix)))"
   ],
   "outputs": [
    {
     "output_type": "error",
     "ename": "RuntimeError",
     "evalue": ".../casadi/core/function_internal.hpp:1241: Assertion \"arg.size()==n_in_\" failed:\nIncorrect number of inputs: Expected 4, got 5",
     "traceback": [
      "\u001b[0;31m---------------------------------------------------------------------------\u001b[0m",
      "\u001b[0;31mRuntimeError\u001b[0m                              Traceback (most recent call last)",
      "\u001b[0;32m/tmp/ipykernel_54712/2238958277.py\u001b[0m in \u001b[0;36m<module>\u001b[0;34m\u001b[0m\n\u001b[1;32m      1\u001b[0m \u001b[0mh\u001b[0m \u001b[0;34m=\u001b[0m \u001b[0mkinDyn\u001b[0m\u001b[0;34m.\u001b[0m\u001b[0mbias_force_fun\u001b[0m\u001b[0;34m(\u001b[0m\u001b[0;34m)\u001b[0m\u001b[0;34m\u001b[0m\u001b[0;34m\u001b[0m\u001b[0m\n\u001b[0;32m----> 2\u001b[0;31m \u001b[0mprint\u001b[0m\u001b[0;34m(\u001b[0m\u001b[0;34m'Bias force term:\\n'\u001b[0m\u001b[0;34m,\u001b[0m \u001b[0mSX2DM\u001b[0m\u001b[0;34m(\u001b[0m\u001b[0mh\u001b[0m\u001b[0;34m(\u001b[0m\u001b[0mH_b\u001b[0m\u001b[0;34m,\u001b[0m \u001b[0ms\u001b[0m\u001b[0;34m,\u001b[0m \u001b[0mv_b\u001b[0m\u001b[0;34m,\u001b[0m \u001b[0ms_dot\u001b[0m\u001b[0;34m,\u001b[0m \u001b[0mInertiaMatrix\u001b[0m\u001b[0;34m)\u001b[0m\u001b[0;34m)\u001b[0m\u001b[0;34m)\u001b[0m\u001b[0;34m\u001b[0m\u001b[0;34m\u001b[0m\u001b[0m\n\u001b[0m",
      "\u001b[0;32m~/.local/lib/python3.8/site-packages/casadi/casadi.py\u001b[0m in \u001b[0;36m__call__\u001b[0;34m(self, *args, **kwargs)\u001b[0m\n\u001b[1;32m  13442\u001b[0m       \u001b[0;32mif\u001b[0m \u001b[0mlen\u001b[0m\u001b[0;34m(\u001b[0m\u001b[0margs\u001b[0m\u001b[0;34m)\u001b[0m\u001b[0;34m>\u001b[0m\u001b[0;36m0\u001b[0m\u001b[0;34m:\u001b[0m\u001b[0;34m\u001b[0m\u001b[0;34m\u001b[0m\u001b[0m\n\u001b[1;32m  13443\u001b[0m     \u001b[0;31m# Ordered inputs -> return tuple\u001b[0m\u001b[0;34m\u001b[0m\u001b[0;34m\u001b[0m\u001b[0;34m\u001b[0m\u001b[0m\n\u001b[0;32m> 13444\u001b[0;31m         \u001b[0mret\u001b[0m \u001b[0;34m=\u001b[0m \u001b[0mself\u001b[0m\u001b[0;34m.\u001b[0m\u001b[0mcall\u001b[0m\u001b[0;34m(\u001b[0m\u001b[0margs\u001b[0m\u001b[0;34m)\u001b[0m\u001b[0;34m\u001b[0m\u001b[0;34m\u001b[0m\u001b[0m\n\u001b[0m\u001b[1;32m  13445\u001b[0m         \u001b[0;32mif\u001b[0m \u001b[0mlen\u001b[0m\u001b[0;34m(\u001b[0m\u001b[0mret\u001b[0m\u001b[0;34m)\u001b[0m\u001b[0;34m==\u001b[0m\u001b[0;36m0\u001b[0m\u001b[0;34m:\u001b[0m\u001b[0;34m\u001b[0m\u001b[0;34m\u001b[0m\u001b[0m\n\u001b[1;32m  13446\u001b[0m           \u001b[0;32mreturn\u001b[0m \u001b[0;32mNone\u001b[0m\u001b[0;34m\u001b[0m\u001b[0;34m\u001b[0m\u001b[0m\n",
      "\u001b[0;32m~/.local/lib/python3.8/site-packages/casadi/casadi.py\u001b[0m in \u001b[0;36mcall\u001b[0;34m(self, *args)\u001b[0m\n\u001b[1;32m  12322\u001b[0m \u001b[0;34m\u001b[0m\u001b[0m\n\u001b[1;32m  12323\u001b[0m         \"\"\"\n\u001b[0;32m> 12324\u001b[0;31m         \u001b[0;32mreturn\u001b[0m \u001b[0m_casadi\u001b[0m\u001b[0;34m.\u001b[0m\u001b[0mFunction_call\u001b[0m\u001b[0;34m(\u001b[0m\u001b[0mself\u001b[0m\u001b[0;34m,\u001b[0m \u001b[0;34m*\u001b[0m\u001b[0margs\u001b[0m\u001b[0;34m)\u001b[0m\u001b[0;34m\u001b[0m\u001b[0;34m\u001b[0m\u001b[0m\n\u001b[0m\u001b[1;32m  12325\u001b[0m \u001b[0;34m\u001b[0m\u001b[0m\n\u001b[1;32m  12326\u001b[0m \u001b[0;34m\u001b[0m\u001b[0m\n",
      "\u001b[0;31mRuntimeError\u001b[0m: .../casadi/core/function_internal.hpp:1241: Assertion \"arg.size()==n_in_\" failed:\nIncorrect number of inputs: Expected 4, got 5"
     ]
    }
   ],
   "metadata": {}
  },
  {
   "cell_type": "markdown",
   "source": [
    "## Coriolis term"
   ],
   "metadata": {}
  },
  {
   "cell_type": "code",
   "execution_count": null,
   "source": [
    "C = kinDyn.coriolis_term_fun()\n",
    "print('Coriolis force term:\\n', SX2DM(C(H_b, s, v_b, s_dot, InertiaMatrix)))"
   ],
   "outputs": [],
   "metadata": {}
  },
  {
   "cell_type": "markdown",
   "source": [
    "## Gravity term"
   ],
   "metadata": {}
  },
  {
   "cell_type": "code",
   "execution_count": null,
   "source": [
    "G = kinDyn.gravity_term_fun()\n",
    "print('Gravity term:\\n', SX2DM(G(H_b, s, InertiaMatrix)))"
   ],
   "outputs": [],
   "metadata": {}
  },
  {
   "cell_type": "code",
   "execution_count": null,
   "source": [
    "opti = cs.Opti()\n",
    "Inertia_optiVar = opti.variable(3,3, 'symmetric')\n",
    "masses_optVar = opti.variable(kinDyn.tree.N)\n",
    "q_param = opti.parameter(kinDyn.NDoF)\n",
    "H_b_param = opti.parameter(4,4)\n",
    "H_b_new = np.random.rand(4,4)\n",
    "H_b_new[:3, :3] = utils.R_from_RPY(rpy)\n",
    "H_b_new[:3, 3] = xyz\n",
    "M_f = kinDyn.mass_matrix_fun()\n",
    "a = M_f(H_b_param,q_param, masses_optVar, Inertia_optiVar)\n",
    "opti.minimize((a[1,1]))\n",
    "opti.set_value(H_b_param, H_b_new)\n",
    "opti.set_value(q_param, s)\n",
    "opti.solver('ipopt')\n",
    "sol = opti.solve()\n",
    "\n",
    "print(sol.Inertia_optiVar)"
   ],
   "outputs": [],
   "metadata": {}
  }
 ],
 "metadata": {
  "kernelspec": {
   "name": "python3",
   "display_name": "Python 3.8.10 64-bit"
  },
  "language_info": {
   "codemirror_mode": {
    "name": "ipython",
    "version": 3
   },
   "file_extension": ".py",
   "mimetype": "text/x-python",
   "name": "python",
   "nbconvert_exporter": "python",
   "pygments_lexer": "ipython3",
   "version": "3.8.10"
  },
  "metadata": {
   "interpreter": {
    "hash": "1aaa65760776477b200513a4708dfe8112d71af684253b4518b287658553a52c"
   }
  },
  "orig_nbformat": 3,
  "interpreter": {
   "hash": "916dbcbb3f70747c44a77c7bcd40155683ae19c65e1c03b4aa3499c5328201f1"
  }
 },
 "nbformat": 4,
 "nbformat_minor": 2
}