{
 "cells": [
  {
   "cell_type": "code",
   "execution_count": 1,
   "metadata": {},
   "outputs": [],
   "source": [
    "from adam.core.computations import KinDynComputations\n",
    "from adam.geometry import utils\n",
    "import numpy as np\n",
    "import casadi as cs\n",
    "import gym_ignition_models\n",
    "from adam.core.computationsWithHardwareParameters import  KinDynComputationsWithHardwareParameters"
   ]
  },
  {
   "cell_type": "code",
   "execution_count": 2,
   "metadata": {},
   "outputs": [],
   "source": [
    "def SX2DM(sx):\n",
    "    return cs.DM(sx)"
   ]
  },
  {
   "cell_type": "code",
   "execution_count": 3,
   "metadata": {},
   "outputs": [],
   "source": [
    "\n",
    "urdf_path ='/home/carlotta/iit_ws/ergocub-gazebo-simulations/models/stickBot/model.urdf'\n",
    "# urdf_path = gym_ignition_models.get_model_file(\"iCubGazeboV2_5\")\n",
    "# The joint list\n",
    "joints_name_list = [\n",
    "    'torso_pitch', 'torso_roll', 'torso_yaw', 'l_shoulder_pitch',\n",
    "    'l_shoulder_roll', 'l_shoulder_yaw', 'l_elbow', 'r_shoulder_pitch',\n",
    "    'r_shoulder_roll', 'r_shoulder_yaw', 'r_elbow', 'l_hip_pitch', 'l_hip_roll',\n",
    "    'l_hip_yaw', 'l_knee', 'l_ankle_pitch', 'l_ankle_roll', 'r_hip_pitch',\n",
    "    'r_hip_roll', 'r_hip_yaw', 'r_knee', 'r_ankle_pitch', 'r_ankle_roll'\n",
    "]\n",
    "link_name_list = ['l_hip_3']\n",
    "joint_modified_list = ['l_hip_yaw']\n",
    "# Specify the root link\n",
    "root_link = 'root_link'\n",
    "kinDyn =KinDynComputationsWithHardwareParameters(urdf_path, joints_name_list,link_name_list, root_link)"
   ]
  },
  {
   "cell_type": "markdown",
   "metadata": {},
   "source": []
  },
  {
   "cell_type": "markdown",
   "metadata": {},
   "source": []
  },
  {
   "cell_type": "code",
   "execution_count": 4,
   "metadata": {},
   "outputs": [],
   "source": [
    "# Set joints and base informations\n",
    "xyz = (np.random.rand(3) - 0.5) * 5\n",
    "rpy = (np.random.rand(3) - 0.5) * 5\n",
    "H_b = utils.H_from_PosRPY(xyz, rpy)\n",
    "v_b = (np.random.rand(6) - 0.5) * 5\n",
    "s = (np.random.rand(len(joints_name_list)) - 0.5) * 5\n",
    "s_dot = (np.random.rand(len(joints_name_list)) - 0.5) * 5\n",
    "density = 0.1 \n",
    "lenght_multiplier = 1"
   ]
  },
  {
   "cell_type": "code",
   "execution_count": 5,
   "metadata": {},
   "outputs": [
    {
     "data": {
      "text/plain": [
       "SX(@1=-3.55271e-15, @2=-0.32725, @3=0.960551, @4=-0.591274, @5=-0.0840257, @6=0.0310682, @7=-0.0609848, @8=-0.0123302, @9=0.380081, @10=0.271931, @11=-0.0262493, @12=-0.0533816, @13=0.0334832, @14=-0.394372, @15=-0.212266, @16=0.732029, @17=0.0586048, @18=-0.00182779, @19=-1.04488, @20=1.04646, @21=-0.281369, @22=0.230622, @23=0.13362, @24=-0.00274487, @25=2.77412, @26=-4.63957, @27=0.469536, @28=0.334139, @29=-0.335676, @30=0.0270248, @31=-0.070043, @32=-0.056095, @33=0.0160847, @34=0.00150087, @35=0.0501805, @36=3.49234, @37=3.45539, @38=-0.787836, @39=-0.437905, @40=0.0290575, @41=-0.0148038, @42=-3.05466, @43=2.567, @44=-0.291311, @45=0.175638, @46=-0.108975, @47=0.00662385, @48=-1.33631, @49=0.780832, @50=-0.609569, @51=0.298774, @52=-0.334378, @53=-0.0106075, @54=0.01784, @55=-0.607895, @56=-0.692502, @57=0.0528562, @58=0.0686557, @59=1.74917, @60=1.66358, @61=0.620139, @62=-0.897441, @63=0.154438, @64=0.00130815, @65=-1.68933, @66=1.44606, @67=0.0200698, @68=1.12313, @69=0.0239374, @70=-0.0130902, @71=4.44089e-16, @72=2.2147, @73=-2.46879, @74=-0.797025, @75=0.433646, @76=-0.459181, @77=0.0483322, @78=-0.12506, @79=-0.461211, @80=-0.511341, @81=0.013452, @82=0.1067, @83=-0.844714, @84=-0.833052, @85=1.35579, @86=0.505304, @87=-0.255236, @88=0.861139, @89=-0.422748, @90=0.407603, @91=-0.774103, @92=1.34039, @93=-0.671441, @94=-0.602712, @95=-0.0268955, @96=0.263917, @97=-0.313892, @98=1.11131, @99=-0.10615, @100=0.122426, @101=0.132487, @102=0.0026336, @103=0.217906, @104=0.253568, @105=-0.0670689, @106=-0.0786674, @107=-1.27802, @108=-1.27336, @109=-0.593365, @110=2.00403, @111=-1.0123, @112=-0.0569749, @113=-1.35095, @114=1.31233, @115=0.743953, @116=1.61223, @117=-0.76586, @118=0.686199, @119=0.801605, @120=-0.923464, @121=1.61234, @122=0.254034, @123=-0.194312, @124=-0.0365094, @125=-0.0760964, @126=-0.320419, @127=-0.200937, @128=-0.0244604, @129=0.14046, @130=2.32628, @131=2.27897, @132=-0.519179, @133=-0.566925, @134=0.287262, @135=0.558448, @136=2.63535, @137=-2.56268, @138=0.257395, @139=-0.525482, @140=0.263817, @141=0.473609, @142=-2.52217, @143=-0.0317968, @144=0.410126, @145=-0.412843, @146=0.0652546, @147=-0.13636, @148=-0.399253, @149=-0.404086, @150=-0.015227, @151=0.109382, @152=0, @153=0.00199672, @154=-0.437662, @155=0.440024, @156=-0.0679721, @157=0.140052, @158=0.421578, @159=0.421307, @160=0.0136325, @161=-0.114793, @162=-0.0105829, @163=0.0685866, @164=0.0220574, @165=-0.0143038, @166=0.0540017, @167=0.1725, @168=-0.0606874, @169=0.024705, @170=-0.421433, @171=-0.0319069, @172=-0.131063, @173=0.00701149, @174=0.132079, @175=-0.0103163, @176=0.604052, @177=-0.014392, @178=-0.179399, @179=-0.0330142, @180=-0.169581, @181=0.0152354, @182=2.84614, @183=-0.399465, @184=-1.50272, @185=0.73952, @186=0.399807, @187=-0.394234, @188=-1.51488, @189=0.736801, @190=0.399913, @191=-0.0324271, @192=0.00451053, @193=0.870269, @194=-1.0548, @195=0.000287201, @196=-0.000238976, @197=-3.0289, @198=0.0161557, @199=-1.39179, @200=0.670256, @201=0.199792, @202=-0.00954902, @203=1.37388, @204=-0.667534, @205=-0.199803, @206=-0.00498781, @207=-0.00138789, @208=0.997184, @209=-1.05303, @210=0.00080109, @211=-0.00100168, \n",
       "[[74.4274, @1, -5.32907e-15, @71, -2.61159, -2.01271, @2, @3, @4, @5, @6, @7, @8, @9, @10, @11, @12, @13, @14, @15, @16, @17, @18, @19, @20, @21, @22, @23, @24], \n",
       " [@1, 74.4274, 7.10543e-15, 2.61159, 1.38778e-17, 1.99903, @25, @26, @27, @28, @29, @30, @31, @32, @33, @34, @35, @36, @37, @38, @39, @40, @41, @42, @43, @44, @45, @46, @47], \n",
       " [1.77636e-15, 3.55271e-15, 74.4274, 2.01271, -1.99903, @71, @48, @49, @50, @51, @52, @53, @54, @55, @56, @57, @58, @59, @60, @61, @62, @63, @64, @65, @66, @67, @68, @69, @70], \n",
       " [3.33067e-16, 2.61159, 2.01271, 7.0842, 0.365408, -0.224611, @72, @73, @74, @75, @76, @77, @78, @79, @80, @81, @82, @83, @84, @85, @86, @87, @88, @89, @90, @91, @92, @93, @94], \n",
       " [-2.61159, 2.63678e-16, -1.99903, 0.365408, 8.23127, @95, @96, @97, @98, @99, @100, @101, @102, @103, @104, @105, @106, @107, @108, @109, @110, @111, @112, @113, @114, @115, @116, @117, @118], \n",
       " [-2.01271, 1.99903, -2.22045e-16, -0.224611, @95, 8.48879, @119, @120, @121, @122, @123, @124, @125, @126, @127, @128, @129, @130, @131, @132, @133, @134, @135, @136, @137, @138, @139, @140, @141], \n",
       " [@2, @25, @48, @72, @96, @119, 2.37051, @142, @143, @144, @145, @146, @147, @148, @149, @150, @151, @152, @152, @152, @152, @152, @152, @152, @152, @152, @152, @152, @152], \n",
       " [@3, @26, @49, @73, @97, @120, @142, 2.82219, @153, @154, @155, @156, @157, @158, @159, @160, @161, @152, @152, @152, @152, @152, @152, @152, @152, @152, @152, @152, @152], \n",
       " [@4, @27, @50, @74, @98, @121, @143, @153, 2.05885, @162, @163, @164, @165, @166, @167, @168, @169, @152, @152, @152, @152, @152, @152, @152, @152, @152, @152, @152, @152], \n",
       " [@5, @28, @51, @75, @99, @122, @144, @154, @162, 0.434214, @170, @171, @172, @152, @152, @152, @152, @152, @152, @152, @152, @152, @152, @152, @152, @152, @152, @152, @152], \n",
       " [@6, @29, @52, @76, @100, @123, @145, @155, @163, @170, 0.433573, @173, @174, @152, @152, @152, @152, @152, @152, @152, @152, @152, @152, @152, @152, @152, @152, @152, @152], \n",
       " [@7, @30, @53, @77, @101, @124, @146, @156, @164, @171, @173, 0.134673, @175, @152, @152, @152, @152, @152, @152, @152, @152, @152, @152, @152, @152, @152, @152, @152, @152], \n",
       " [@8, @31, @54, @78, @102, @125, @147, @157, @165, @172, @174, @175, 0.136791, @152, @152, @152, @152, @152, @152, @152, @152, @152, @152, @152, @152, @152, @152, @152, @152], \n",
       " [@9, @32, @55, @79, @103, @126, @148, @158, @166, @152, @152, @152, @152, 0.61613, @176, @177, @178, @152, @152, @152, @152, @152, @152, @152, @152, @152, @152, @152, @152], \n",
       " [@10, @33, @56, @80, @104, @127, @149, @159, @167, @152, @152, @152, @152, @176, 0.634379, @179, @180, @152, @152, @152, @152, @152, @152, @152, @152, @152, @152, @152, @152], \n",
       " [@11, @34, @57, @81, @105, @128, @150, @160, @168, @152, @152, @152, @152, @177, @179, 0.0624682, @181, @152, @152, @152, @152, @152, @152, @152, @152, @152, @152, @152, @152], \n",
       " [@12, @35, @58, @82, @106, @129, @151, @161, @169, @152, @152, @152, @152, @178, @180, @181, 0.188474, @152, @152, @152, @152, @152, @152, @152, @152, @152, @152, @152, @152], \n",
       " [@13, @36, @59, @83, @107, @130, @152, @152, @152, @152, @152, @152, @152, @152, @152, @152, @152, 2.88425, @182, @183, @184, @185, @186, @152, @152, @152, @152, @152, @152], \n",
       " [@14, @37, @60, @84, @108, @131, @152, @152, @152, @152, @152, @152, @152, @152, @152, @152, @152, @182, 2.83088, @187, @188, @189, @190, @152, @152, @152, @152, @152, @152], \n",
       " [@15, @38, @61, @85, @109, @132, @152, @152, @152, @152, @152, @152, @152, @152, @152, @152, @152, @183, @187, 1.47054, @191, @192, @193, @152, @152, @152, @152, @152, @152], \n",
       " [@16, @39, @62, @86, @110, @133, @152, @152, @152, @152, @152, @152, @152, @152, @152, @152, @152, @184, @188, @191, 1.97909, @194, @195, @152, @152, @152, @152, @152, @152], \n",
       " [@17, @40, @63, @87, @111, @134, @152, @152, @152, @152, @152, @152, @152, @152, @152, @152, @152, @185, @189, @192, @194, 1.05343, @196, @152, @152, @152, @152, @152, @152], \n",
       " [@18, @41, @64, @88, @112, @135, @152, @152, @152, @152, @152, @152, @152, @152, @152, @152, @152, @186, @190, @193, @195, @196, 1.03021, @152, @152, @152, @152, @152, @152], \n",
       " [@19, @42, @65, @89, @113, @136, @152, @152, @152, @152, @152, @152, @152, @152, @152, @152, @152, @152, @152, @152, @152, @152, @152, 3.13579, @197, @198, @199, @200, @201], \n",
       " [@20, @43, @66, @90, @114, @137, @152, @152, @152, @152, @152, @152, @152, @152, @152, @152, @152, @152, @152, @152, @152, @152, @152, @197, 2.94789, @202, @203, @204, @205], \n",
       " [@21, @44, @67, @91, @115, @138, @152, @152, @152, @152, @152, @152, @152, @152, @152, @152, @152, @152, @152, @152, @152, @152, @152, @198, @202, 1.09682, @206, @207, @208], \n",
       " [@22, @45, @68, @92, @116, @139, @152, @152, @152, @152, @152, @152, @152, @152, @152, @152, @152, @152, @152, @152, @152, @152, @152, @199, @203, @206, 2.01266, @209, @210], \n",
       " [@23, @46, @69, @93, @117, @140, @152, @152, @152, @152, @152, @152, @152, @152, @152, @152, @152, @152, @152, @152, @152, @152, @152, @200, @204, @207, @209, 1.05424, @211], \n",
       " [@24, @47, @70, @94, @118, @141, @152, @152, @152, @152, @152, @152, @152, @152, @152, @152, @152, @152, @152, @152, @152, @152, @152, @201, @205, @208, @210, @211, 1.03021]])"
      ]
     },
     "execution_count": 5,
     "metadata": {},
     "output_type": "execute_result"
    }
   ],
   "source": [
    "[M, J_cmm] = kinDyn.crba()\n",
    "M(H_b, s, density, lenght_multiplier)"
   ]
  },
  {
   "cell_type": "code",
   "execution_count": null,
   "metadata": {},
   "outputs": [],
   "source": []
  },
  {
   "cell_type": "markdown",
   "metadata": {},
   "source": []
  }
 ],
 "metadata": {
  "interpreter": {
   "hash": "916dbcbb3f70747c44a77c7bcd40155683ae19c65e1c03b4aa3499c5328201f1"
  },
  "kernelspec": {
   "display_name": "Python 3.8.10 64-bit",
   "name": "python3"
  },
  "language_info": {
   "codemirror_mode": {
    "name": "ipython",
    "version": 3
   },
   "file_extension": ".py",
   "mimetype": "text/x-python",
   "name": "python",
   "nbconvert_exporter": "python",
   "pygments_lexer": "ipython3",
   "version": "3.8.10"
  },
  "metadata": {
   "interpreter": {
    "hash": "1aaa65760776477b200513a4708dfe8112d71af684253b4518b287658553a52c"
   }
  },
  "orig_nbformat": 3
 },
 "nbformat": 4,
 "nbformat_minor": 2
}
