{
 "cells": [
  {
   "cell_type": "code",
   "execution_count": 1,
   "source": [
    "from adam.core.computations import KinDynComputations\n",
    "from adam.core.computationsWithHardwareParameters import KinDynComputationsWithHardwareParameters\n",
    "from adam.geometry import utils\n",
    "import numpy as np\n",
    "import casadi as cs\n",
    "import gym_ignition_models"
   ],
   "outputs": [],
   "metadata": {}
  },
  {
   "cell_type": "code",
   "execution_count": 2,
   "source": [
    "def SX2DM(sx):\n",
    "    return cs.DM(sx)"
   ],
   "outputs": [],
   "metadata": {}
  },
  {
   "cell_type": "markdown",
   "source": [
    "## Import the robot .urdf"
   ],
   "metadata": {}
  },
  {
   "cell_type": "code",
   "execution_count": 3,
   "source": [
    "urdf_path = gym_ignition_models.get_model_file(\"iCubGazeboV2_5\")\n",
    "# The joint list\n",
    "joints_name_list = [\n",
    "    'torso_pitch', 'torso_roll', 'torso_yaw', 'l_shoulder_pitch',\n",
    "    'l_shoulder_roll', 'l_shoulder_yaw', 'l_elbow', 'r_shoulder_pitch',\n",
    "    'r_shoulder_roll', 'r_shoulder_yaw', 'r_elbow', 'l_hip_pitch', 'l_hip_roll',\n",
    "    'l_hip_yaw', 'l_knee', 'l_ankle_pitch', 'l_ankle_roll', 'r_hip_pitch',\n",
    "    'r_hip_roll', 'r_hip_yaw', 'r_knee', 'r_ankle_pitch', 'r_ankle_roll'\n",
    "]\n",
    "# Specify the root link\n",
    "root_link = 'root_link'\n",
    "kinDyn = KinDynComputations(urdf_path, joints_name_list, root_link)\n",
    "kinDynWithHardware = KinDynComputationsWithHardwareParameters(urdf_path, joints_name_list, root_link)"
   ],
   "outputs": [
    {
     "output_type": "stream",
     "name": "stdout",
     "text": [
      "0\n",
      "1\n",
      "2\n",
      "3\n",
      "4\n",
      "5\n",
      "6\n",
      "7\n",
      "8\n",
      "9\n",
      "10\n",
      "11\n",
      "12\n",
      "13\n",
      "14\n",
      "15\n",
      "16\n",
      "17\n",
      "18\n",
      "19\n",
      "20\n",
      "21\n",
      "22\n",
      "r_hip_pitch\n",
      "r_hip_roll\n",
      "r_leg_ft_sensor\n",
      "r_hip_yaw\n",
      "r_upper_leg_back_contact_fixed_joint\n",
      "r_upper_leg_dh_frame_fixed_joint\n",
      "r_knee\n",
      "r_ankle_pitch\n",
      "r_ankle_roll\n",
      "r_foot_ft_sensor\n",
      "r_sole_fixed_joint\n",
      "l_hip_pitch\n",
      "l_hip_roll\n",
      "l_leg_ft_sensor\n",
      "l_hip_yaw\n",
      "l_upper_leg_back_contact_fixed_joint\n",
      "l_upper_leg_dh_frame_fixed_joint\n",
      "l_knee\n",
      "l_ankle_pitch\n",
      "l_ankle_roll\n",
      "l_foot_ft_sensor\n",
      "l_sole_fixed_joint\n",
      "torso_pitch\n",
      "torso_roll\n",
      "torso_yaw\n",
      "r_shoulder_pitch\n",
      "r_shoulder_roll\n",
      "r_shoulder_yaw\n",
      "r_arm_ft_sensor\n",
      "r_elbow\n",
      "r_wrist_prosup\n",
      "r_forearm_dh_frame_fixed_joint\n",
      "r_wrist_pitch\n",
      "r_wrist_yaw\n",
      "r_hand_dh_frame_fixed_joint\n",
      "l_shoulder_pitch\n",
      "l_shoulder_roll\n",
      "l_shoulder_yaw\n",
      "l_arm_ft_sensor\n",
      "l_elbow\n",
      "l_wrist_prosup\n",
      "l_forearm_dh_frame_fixed_joint\n",
      "l_wrist_pitch\n",
      "l_wrist_yaw\n",
      "l_hand_dh_frame_fixed_joint\n",
      "neck_pitch\n",
      "neck_roll\n",
      "neck_yaw\n",
      "base_fixed_joint\n",
      "l_foot_dh_frame_fixed_joint\n",
      "r_foot_dh_frame_fixed_joint\n",
      "0\n",
      "torso_pitch\n",
      "1\n",
      "torso_roll\n",
      "2\n",
      "torso_yaw\n",
      "3\n",
      "l_shoulder_pitch\n",
      "4\n",
      "l_shoulder_roll\n",
      "5\n",
      "l_shoulder_yaw\n",
      "6\n",
      "l_elbow\n",
      "7\n",
      "r_shoulder_pitch\n",
      "8\n",
      "r_shoulder_roll\n",
      "9\n",
      "r_shoulder_yaw\n",
      "10\n",
      "r_elbow\n",
      "11\n",
      "l_hip_pitch\n",
      "12\n",
      "l_hip_roll\n",
      "13\n",
      "l_hip_yaw\n",
      "14\n",
      "l_knee\n",
      "15\n",
      "l_ankle_pitch\n",
      "16\n",
      "l_ankle_roll\n",
      "17\n",
      "r_hip_pitch\n",
      "18\n",
      "r_hip_roll\n",
      "19\n",
      "r_hip_yaw\n",
      "20\n",
      "r_knee\n",
      "21\n",
      "r_ankle_pitch\n",
      "22\n",
      "r_ankle_roll\n"
     ]
    }
   ],
   "metadata": {}
  },
  {
   "cell_type": "markdown",
   "source": [
    "The class `KinDynComputations` contains some algorithms for computing kinematics and dynamics quantities."
   ],
   "metadata": {}
  },
  {
   "cell_type": "code",
   "execution_count": 4,
   "source": [
    "# Set joints and base informations\n",
    "xyz = (np.random.rand(3) - 0.5) * 5\n",
    "rpy = (np.random.rand(3) - 0.5) * 5\n",
    "H_b = utils.H_from_PosRPY(xyz, rpy)\n",
    "v_b = (np.random.rand(6) - 0.5) * 5\n",
    "s = (np.random.rand(len(joints_name_list)) - 0.5) * 5\n",
    "s_dot = (np.random.rand(len(joints_name_list)) - 0.5) * 5\n",
    "masses = (np.random.rand(kinDyn.tree.N))*0.1\n",
    "InertiaMatrix = (np.random.rand(3,3))*0.2"
   ],
   "outputs": [],
   "metadata": {}
  },
  {
   "cell_type": "code",
   "execution_count": null,
   "source": [],
   "outputs": [],
   "metadata": {}
  },
  {
   "cell_type": "markdown",
   "source": [
    "## Mass Matrix"
   ],
   "metadata": {}
  },
  {
   "cell_type": "code",
   "execution_count": 5,
   "source": [
    "M_hardware = kinDynWithHardware.mass_matrix_fun()\n",
    "M = kinDyn.mass_matrix_fun()\n",
    "print('Mass matrix with hardware:\\n', SX2DM(M_hardware(H_b, s, masses, InertiaMatrix)))\n",
    "print('Mass matrix w\\o:\\n', SX2DM(M(H_b, s)))"
   ],
   "outputs": [
    {
     "output_type": "stream",
     "name": "stdout",
     "text": [
      "Mass matrix with hardware:\n",
      " \n",
      "[[1.92024, -2.97269e-08, -1.27282e-07, -7.53884e-10, 0.0324846, -0.118696, 0.0926189, -0.127, 0.00580627, -0.00944629, 0.00224315, -0.00670967, 0.0326201, 0.00757346, -0.0149688, 0.000615405, 0.00984619, 0.0275258, -0.0417682, 0.0252166, -0.00927356, 0.00184144, 0.00229235, 0.00426969, -0.0753962, 0.00685935, -0.0241839, 0.000941516, -0.000647513], \n",
      " [-2.97269e-08, 1.92024, 6.70624e-08, -0.0324846, -5.68524e-09, -0.00463586, 0.0495318, 0.117231, -0.0472428, -0.0106663, 0.00532304, -0.00747305, -0.0089001, -0.0209732, 0.00947542, -0.00356346, -0.00101884, 0.0357911, 0.024783, 0.020486, -0.0296368, 0.00126634, -0.00369316, 0.0273446, -0.0173931, 0.00273547, -0.0273206, 0.00443947, -0.00207013], \n",
      " [-1.27282e-07, 6.70624e-08, 1.92024, 0.118696, 0.00463585, 6.43912e-09, -0.177824, -0.0177602, 0.0625465, -0.0269349, -0.0326783, -0.0264303, -0.0063375, -0.00473356, -0.042124, -0.00296058, 0.00460673, -0.0216659, -0.00738632, -0.0132713, -0.0411234, 0.0042333, 0.00708652, 0.0288904, 0.0515322, -0.00330802, -0.016611, -4.40567e-05, -0.00570321], \n",
      " [-7.53884e-10, -0.0324846, 0.118696, 2.38528, 0.24114, 1.13812, -1.44475, 0.206144, -0.0547157, 0.107148, -0.296252, 0.153497, -0.0269531, -0.378569, -0.638209, 0.0576661, 0.326919, 0.18707, 0.738506, 0.141037, 0.61994, -0.469053, -0.114301, 0.703741, 0.47722, -0.427608, 0.088478, -0.112221, -0.128827], \n",
      " [0.0324846, -5.68524e-09, 0.00463585, 0.127361, 6.23742, 0.146088, 1.27808, -2.17936, -2.50315, 0.444969, 0.844021, 0.131037, 0.445965, 0.939, 1.42261, -0.532917, -0.692466, -0.450557, 0.666619, -0.147965, 0.323331, -0.386747, -0.248167, -0.827938, 1.14589, 0.391726, 0.190163, 0.0330737, -0.23453], \n",
      " [-0.118696, -0.00463586, 6.43912e-09, 1.30085, 1.87504, 3.5112, -0.445005, 0.189819, -2.51189, -0.869634, 1.05245, -0.398332, 0.63179, 0.346121, 0.342522, -0.187722, -0.123377, 0.170569, 0.287038, 0.50514, 0.268738, -0.106492, -0.0606455, 0.530577, 0.0242593, -0.255631, 0.0923892, -0.118028, 0.0878216], \n",
      " [0.0926189, 0.0495318, -0.177824, -1.44475, 1.27808, -0.445005, 1.92611, -1.22397, -0.321595, 0.381182, 0.307955, 0.0542265, 0.0311914, 0.637536, 1.0759, -0.233244, -0.550636, 0, 0, 0, 0, 0, 0, 0, 0, 0, 0, 0, 0], \n",
      " [-0.127, 0.117231, -0.0177602, 0.206144, -2.17936, 0.189819, -1.22397, 0.998341, -0.698627, -0.891398, 0.548056, -0.429687, 0.279683, 0.0307248, -0.0552976, 0.0699762, 0.0502203, 0, 0, 0, 0, 0, 0, 0, 0, 0, 0, 0, 0], \n",
      " [0.00580627, -0.0472428, 0.0625465, -0.0547157, -2.50315, -2.51189, -0.321595, -0.698627, 3.47429, 0.140698, -1.24527, 0.106849, -0.721907, -0.894048, -1.23776, 0.52565, 0.574667, 0, 0, 0, 0, 0, 0, 0, 0, 0, 0, 0, 0], \n",
      " [-0.00944629, -0.0106663, -0.0269349, 0.107148, 0.444969, -0.869634, 0.381182, -0.891398, 0.140698, 0.459762, -0.571957, 0.302514, -0.214021, 0, 0, 0, 0, 0, 0, 0, 0, 0, 0, 0, 0, 0, 0, 0, 0], \n",
      " [0.00224315, 0.00532304, -0.0326783, -0.296252, 0.844021, 1.05245, 0.307955, 0.548056, -1.24527, -0.571957, 1.00619, 0.0574004, 0.539781, 0, 0, 0, 0, 0, 0, 0, 0, 0, 0, 0, 0, 0, 0, 0, 0], \n",
      " [-0.00670967, -0.00747305, -0.0264303, 0.153497, 0.131037, -0.398332, 0.0542265, -0.429687, 0.106849, 0.302514, 0.0574004, 0.267699, -0.159895, 0, 0, 0, 0, 0, 0, 0, 0, 0, 0, 0, 0, 0, 0, 0, 0], \n",
      " [0.0326201, -0.0089001, -0.0063375, -0.0269531, 0.445965, 0.63179, 0.0311914, 0.279683, -0.721907, -0.214021, 0.539781, -0.159895, 0.696592, 0, 0, 0, 0, 0, 0, 0, 0, 0, 0, 0, 0, 0, 0, 0, 0], \n",
      " [0.00757346, -0.0209732, -0.00473356, -0.378569, 0.939, 0.346121, 0.637536, 0.0307248, -0.894048, 0, 0, 0, 0, -0.117571, -0.0866093, -0.0395562, 0.0244649, 0, 0, 0, 0, 0, 0, 0, 0, 0, 0, 0, 0], \n",
      " [-0.0149688, 0.00947542, -0.042124, -0.638209, 1.42261, 0.342522, 1.0759, -0.0552976, -1.23776, 0, 0, 0, 0, -0.0866093, 1.5732, -0.561802, -0.756964, 0, 0, 0, 0, 0, 0, 0, 0, 0, 0, 0, 0], \n",
      " [0.000615405, -0.00356346, -0.00296058, 0.0576661, -0.532917, -0.187722, -0.233244, 0.0699762, 0.52565, 0, 0, 0, 0, -0.0395562, -0.561802, 0.0743512, -0.119404, 0, 0, 0, 0, 0, 0, 0, 0, 0, 0, 0, 0], \n",
      " [0.00984619, -0.00101884, 0.00460673, 0.326919, -0.692466, -0.123377, -0.550636, 0.0502203, 0.574667, 0, 0, 0, 0, 0.0244649, -0.756964, -0.119404, 0.692205, 0, 0, 0, 0, 0, 0, 0, 0, 0, 0, 0, 0], \n",
      " [0.0275258, 0.0357911, -0.0216659, 0.18707, -0.450557, 0.170569, 0, 0, 0, 0, 0, 0, 0, 0, 0, 0, 0, 0.413309, 0.40225, 0.340134, 0.44725, -0.247723, -0.000468854, 0, 0, 0, 0, 0, 0], \n",
      " [-0.0417682, 0.024783, -0.00738632, 0.738506, 0.666619, 0.287038, 0, 0, 0, 0, 0, 0, 0, 0, 0, 0, 0, 0.40225, 0.880231, -0.15067, 0.541439, -0.544547, -0.253033, 0, 0, 0, 0, 0, 0], \n",
      " [0.0252166, 0.020486, -0.0132713, 0.141037, -0.147965, 0.50514, 0, 0, 0, 0, 0, 0, 0, 0, 0, 0, 0, 0.340134, -0.15067, 0.514541, 0.50976, -0.288615, -0.0760464, 0, 0, 0, 0, 0, 0], \n",
      " [-0.00927356, -0.0296368, -0.0411234, 0.61994, 0.323331, 0.268738, 0, 0, 0, 0, 0, 0, 0, 0, 0, 0, 0, 0.44725, 0.541439, 0.50976, 0.505138, -0.475977, -0.159919, 0, 0, 0, 0, 0, 0], \n",
      " [0.00184144, 0.00126634, 0.0042333, -0.469053, -0.386747, -0.106492, 0, 0, 0, 0, 0, 0, 0, 0, 0, 0, 0, -0.247723, -0.544547, -0.288615, -0.475977, 0.475101, 0.15918, 0, 0, 0, 0, 0, 0], \n",
      " [0.00229235, -0.00369316, 0.00708652, -0.114301, -0.248167, -0.0606455, 0, 0, 0, 0, 0, 0, 0, 0, 0, 0, 0, -0.000468854, -0.253033, -0.0760464, -0.159919, 0.15918, 0.228419, 0, 0, 0, 0, 0, 0], \n",
      " [0.00426969, 0.0273446, 0.0288904, 0.703741, -0.827938, 0.530577, 0, 0, 0, 0, 0, 0, 0, 0, 0, 0, 0, 0, 0, 0, 0, 0, 0, 1.13296, -0.110764, -0.614671, 0.0127485, -0.144929, 0.025651], \n",
      " [-0.0753962, -0.0173931, 0.0515322, 0.47722, 1.14589, 0.0242593, 0, 0, 0, 0, 0, 0, 0, 0, 0, 0, 0, 0, 0, 0, 0, 0, 0, -0.110764, 1.027, 0.066794, 0.224107, -0.066623, -0.16116], \n",
      " [0.00685935, 0.00273547, -0.00330802, -0.427608, 0.391726, -0.255631, 0, 0, 0, 0, 0, 0, 0, 0, 0, 0, 0, 0, 0, 0, 0, 0, 0, -0.614671, 0.066794, 0.614097, 0.010971, 0.150529, -0.123725], \n",
      " [-0.0241839, -0.0273206, -0.016611, 0.088478, 0.190163, 0.0923892, 0, 0, 0, 0, 0, 0, 0, 0, 0, 0, 0, 0, 0, 0, 0, 0, 0, 0.0127485, 0.224107, 0.010971, 0.0319921, -0.00531381, 0.114895], \n",
      " [0.000941516, 0.00443947, -4.40567e-05, -0.112221, 0.0330737, -0.118028, 0, 0, 0, 0, 0, 0, 0, 0, 0, 0, 0, 0, 0, 0, 0, 0, 0, -0.144929, -0.066623, 0.150529, -0.00531381, 0.00464235, -0.114033], \n",
      " [-0.000647513, -0.00207013, -0.00570321, -0.128827, -0.23453, 0.0878216, 0, 0, 0, 0, 0, 0, 0, 0, 0, 0, 0, 0, 0, 0, 0, 0, 0, 0.025651, -0.16116, -0.123725, 0.114895, -0.114033, 0.228279]]\n",
      "Mass matrix w\\o:\n",
      " \n",
      "[[33.0617, -2.51803e-07, -8.51296e-07, 2.59375e-09, 0.403747, -2.00957, 1.33377, -1.96742, 0.442228, -0.0237417, -0.0395351, -0.0169527, 0.101293, 0.0579141, -0.134342, 0.00746231, 0.0968774, 0.342974, -0.571608, 0.209995, -0.0748828, 0.0114932, 0.00896597, 0.0861992, -1.15556, 0.0707523, -0.264327, 0.012934, -0.00279685], \n",
      " [-2.51803e-07, 33.0617, 5.14437e-07, -0.403747, -4.36801e-08, -1.06693, 0.760396, 1.03655, -0.279136, -0.0455772, 0.0376798, -0.0205529, -0.0351845, -0.158028, 0.072021, -0.0412136, -0.0116917, 0.460513, 0.404871, 0.130085, -0.2406, 0.0028092, -0.0146958, 0.447878, -0.244662, 0.0115704, -0.277231, 0.0280095, -0.011122], \n",
      " [-8.51296e-07, 5.14437e-07, 33.0617, 2.00957, 1.06693, 4.10864e-08, -2.49105, -0.748242, 0.266094, -0.0725573, -0.244661, -0.0672793, -0.0179177, -0.0348724, -0.337129, -0.0322657, 0.0478689, -0.248423, 0.164286, -0.117885, -0.333162, 0.022084, 0.0281546, 0.429095, 0.760111, -0.0503745, -0.185931, 0.00614251, -0.030944], \n",
      " [2.59375e-09, -0.403747, 2.00957, 1.15774, -0.148397, -0.256591, -0.707224, -0.339375, 0.0160826, 0.0554766, -0.037149, 0.0388141, 0.0079186, 0.0505734, -0.0848675, -0.0454662, 0.0171551, 0.109104, 0.0693973, 0.0408274, 0.0344163, -0.0129611, -0.00501612, 0.128291, 0.0493442, -0.0147666, -0.0855626, 0.0143133, -0.00619901], \n",
      " [0.403747, -4.36801e-08, 1.06693, -0.148397, 1.0554, -0.188804, 0.411186, -0.28219, -0.245725, 0.0218389, 0.107759, 0.0189043, 0.0156779, 0.0312233, 0.0759577, -0.00578897, -0.0283341, -0.0937715, 0.139001, -0.042349, -0.0309718, -0.00376359, -0.00752609, 0.0595645, 0.31277, -0.0158039, 0.0072771, -0.00283707, -0.0172264], \n",
      " [-2.00957, -1.06693, 4.10864e-08, -0.256591, -0.188804, 1.34907, -0.300505, 0.633441, -0.277703, -0.0324947, 0.0261225, -0.0156004, 0.0146091, -0.0678956, 0.0512119, -0.00320659, -0.0414054, -0.040503, -0.137243, 0.0289842, 0.01483, 0.00740199, -0.00228566, -0.0779282, 0.176162, -0.0235206, 0.111448, -0.0181382, 0.00679291], \n",
      " [1.33377, 0.760396, -2.49105, -0.707224, 0.411186, -0.300505, 0.870573, -0.0403096, -0.0399011, -0.0263658, 0.0720941, -0.018992, -0.0039663, -0.00709044, 0.089721, 0.0363175, -0.0144881, 0, 0, 0, 0, 0, 0, 0, 0, 0, 0, 0, 0], \n",
      " [-1.96742, 1.03655, -0.748242, -0.339375, -0.28219, 0.633441, -0.0403096, 0.689497, -0.0840583, -0.0627327, -0.0137521, -0.0406084, 0.00271363, -0.086167, 0.0393691, 0.024056, -0.0233369, 0, 0, 0, 0, 0, 0, 0, 0, 0, 0, 0, 0], \n",
      " [0.442228, -0.279136, 0.266094, 0.0160826, -0.245725, -0.277703, -0.0399011, -0.0840583, 0.352817, -0.00637667, -0.0944922, -0.0114451, -0.0226567, 0.00690254, -0.0760588, 0.0132097, 0.0437516, 0, 0, 0, 0, 0, 0, 0, 0, 0, 0, 0, 0], \n",
      " [-0.0237417, -0.0455772, -0.0725573, 0.0554766, 0.0218389, -0.0324947, -0.0263658, -0.0627327, -0.00637667, 0.0731921, 0.006488, 0.0522769, -0.00337802, 0, 0, 0, 0, 0, 0, 0, 0, 0, 0, 0, 0, 0, 0, 0, 0], \n",
      " [-0.0395351, 0.0376798, -0.244661, -0.037149, 0.107759, 0.0261225, 0.0720941, -0.0137521, -0.0944922, 0.006488, 0.0808635, 0.00693031, 0.0142396, 0, 0, 0, 0, 0, 0, 0, 0, 0, 0, 0, 0, 0, 0, 0, 0], \n",
      " [-0.0169527, -0.0205529, -0.0672793, 0.0388141, 0.0189043, -0.0156004, -0.018992, -0.0406084, -0.0114451, 0.0522769, 0.00693031, 0.0522198, 0.000218866, 0, 0, 0, 0, 0, 0, 0, 0, 0, 0, 0, 0, 0, 0, 0, 0], \n",
      " [0.101293, -0.0351845, -0.0179177, 0.0079186, 0.0156779, 0.0146091, -0.0039663, 0.00271363, -0.0226567, -0.00337802, 0.0142396, 0.000218866, 0.0464212, 0, 0, 0, 0, 0, 0, 0, 0, 0, 0, 0, 0, 0, 0, 0, 0], \n",
      " [0.0579141, -0.158028, -0.0348724, 0.0505734, 0.0312233, -0.0678956, -0.00709044, -0.086167, 0.00690254, 0, 0, 0, 0, 0.074762, -0.00564114, -0.0294834, 0.00971149, 0, 0, 0, 0, 0, 0, 0, 0, 0, 0, 0, 0], \n",
      " [-0.134342, 0.072021, -0.337129, -0.0848675, 0.0759577, 0.0512119, 0.089721, 0.0393691, -0.0760588, 0, 0, 0, 0, -0.00564114, 0.127876, 0.00557182, -0.0546702, 0, 0, 0, 0, 0, 0, 0, 0, 0, 0, 0, 0], \n",
      " [0.00746231, -0.0412136, -0.0322657, -0.0454662, -0.00578897, -0.00320659, 0.0363175, 0.024056, 0.0132097, 0, 0, 0, 0, -0.0294834, 0.00557182, 0.0464147, -0.000585399, 0, 0, 0, 0, 0, 0, 0, 0, 0, 0, 0, 0], \n",
      " [0.0968774, -0.0116917, 0.0478689, 0.0171551, -0.0283341, -0.0414054, -0.0144881, -0.0233369, 0.0437516, 0, 0, 0, 0, 0.00971149, -0.0546702, -0.000585399, 0.0464232, 0, 0, 0, 0, 0, 0, 0, 0, 0, 0, 0, 0], \n",
      " [0.342974, 0.460513, -0.248423, 0.109104, -0.0937715, -0.040503, 0, 0, 0, 0, 0, 0, 0, 0, 0, 0, 0, 0.114335, -0.00243669, 0.0538733, -3.10903e-05, -0.00443607, 0.000711752, 0, 0, 0, 0, 0, 0], \n",
      " [-0.571608, 0.404871, 0.164286, 0.0693973, 0.139001, -0.137243, 0, 0, 0, 0, 0, 0, 0, 0, 0, 0, 0, -0.00243669, 0.161507, -0.0135435, 0.0167665, -0.0130293, -0.0101031, 0, 0, 0, 0, 0, 0], \n",
      " [0.209995, 0.130085, -0.117885, 0.0408274, -0.042349, 0.0289842, 0, 0, 0, 0, 0, 0, 0, 0, 0, 0, 0, 0.0538733, -0.0135435, 0.0505895, -0.00484423, 0.000388352, -0.00409796, 0, 0, 0, 0, 0, 0], \n",
      " [-0.0748828, -0.2406, -0.333162, 0.0344163, -0.0309718, 0.01483, 0, 0, 0, 0, 0, 0, 0, 0, 0, 0, 0, -3.10903e-05, 0.0167665, -0.00484423, 0.0900463, -0.0167085, -0.00358111, 0, 0, 0, 0, 0, 0], \n",
      " [0.0114932, 0.0028092, 0.022084, -0.0129611, -0.00376359, 0.00740199, 0, 0, 0, 0, 0, 0, 0, 0, 0, 0, 0, -0.00443607, -0.0130293, 0.000388352, -0.0167085, 0.0125403, 0.000653285, 0, 0, 0, 0, 0, 0], \n",
      " [0.00896597, -0.0146958, 0.0281546, -0.00501612, -0.00752609, -0.00228566, 0, 0, 0, 0, 0, 0, 0, 0, 0, 0, 0, 0.000711752, -0.0101031, -0.00409796, -0.00358111, 0.000653285, 0.0120266, 0, 0, 0, 0, 0, 0], \n",
      " [0.0861992, 0.447878, 0.429095, 0.128291, 0.0595645, -0.0779282, 0, 0, 0, 0, 0, 0, 0, 0, 0, 0, 0, 0, 0, 0, 0, 0, 0, 0.124338, 0.0357084, -0.0180315, -0.0717074, 0.00961515, 0.000889646], \n",
      " [-1.15556, -0.244662, 0.760111, 0.0493442, 0.31277, 0.176162, 0, 0, 0, 0, 0, 0, 0, 0, 0, 0, 0, 0, 0, 0, 0, 0, 0, 0.0357084, 0.509182, -0.0385969, 0.0748622, -0.0106167, -0.0114586], \n",
      " [0.0707523, 0.0115704, -0.0503745, -0.0147666, -0.0158039, -0.0235206, 0, 0, 0, 0, 0, 0, 0, 0, 0, 0, 0, 0, 0, 0, 0, 0, 0, -0.0180315, -0.0385969, 0.0186819, -0.00590772, 0.000854152, -0.00861369], \n",
      " [-0.264327, -0.277231, -0.185931, -0.0855626, 0.0072771, 0.111448, 0, 0, 0, 0, 0, 0, 0, 0, 0, 0, 0, 0, 0, 0, 0, 0, 0, -0.0717074, 0.0748622, -0.00590772, 0.0937278, -0.0187696, 0.00510075], \n",
      " [0.012934, 0.0280095, 0.00614251, 0.0143133, -0.00283707, -0.0181382, 0, 0, 0, 0, 0, 0, 0, 0, 0, 0, 0, 0, 0, 0, 0, 0, 0, 0.00961515, -0.0106167, 0.000854152, -0.0187696, 0.0130569, -0.000528634], \n",
      " [-0.00279685, -0.011122, -0.030944, -0.00619901, -0.0172264, 0.00679291, 0, 0, 0, 0, 0, 0, 0, 0, 0, 0, 0, 0, 0, 0, 0, 0, 0, 0.000889646, -0.0114586, -0.00861369, 0.00510075, -0.000528634, 0.0120268]]\n"
     ]
    }
   ],
   "metadata": {}
  },
  {
   "cell_type": "markdown",
   "source": [
    "## Centroidal Momentum Matrix"
   ],
   "metadata": {}
  },
  {
   "cell_type": "code",
   "execution_count": 6,
   "source": [
    "Jcm_hardware = kinDynWithHardware.centroidal_momentum_matrix_fun()\n",
    "Jcmm = kinDyn.centroidal_momentum_matrix_fun()\n",
    "print('Centroidal Momentum Matrix with Hardware:\\n', SX2DM(Jcm_hardware(H_b, s, masses, InertiaMatrix)))\n",
    "print('Centroidal Momentum Matrix w\\o Hardware: \\n', SX2DM(Jcmm(H_b, s)))"
   ],
   "outputs": [
    {
     "output_type": "stream",
     "name": "stdout",
     "text": [
      "Centroidal Momentum Matrix with Hardware:\n",
      " \n",
      "[[1.92024, -2.97269e-08, -1.27282e-07, -7.53884e-10, 0.0324846, -0.118696, 0.0926189, -0.127, 0.00580627, -0.00944629, 0.00224315, -0.00670967, 0.0326201, 0.00757346, -0.0149688, 0.000615405, 0.00984619, 0.0275258, -0.0417682, 0.0252166, -0.00927356, 0.00184144, 0.00229235, 0.00426969, -0.0753962, 0.00685935, -0.0241839, 0.000941516, -0.000647513], \n",
      " [-2.97269e-08, 1.92024, 6.70624e-08, -0.0324846, -5.68524e-09, -0.00463586, 0.0495318, 0.117231, -0.0472428, -0.0106663, 0.00532304, -0.00747305, -0.0089001, -0.0209732, 0.00947542, -0.00356346, -0.00101884, 0.0357911, 0.024783, 0.020486, -0.0296368, 0.00126634, -0.00369316, 0.0273446, -0.0173931, 0.00273547, -0.0273206, 0.00443947, -0.00207013], \n",
      " [-1.27282e-07, 6.70624e-08, 1.92024, 0.118696, 0.00463585, 6.43912e-09, -0.177824, -0.0177602, 0.0625465, -0.0269349, -0.0326783, -0.0264303, -0.0063375, -0.00473356, -0.042124, -0.00296058, 0.00460673, -0.0216659, -0.00738632, -0.0132713, -0.0411234, 0.0042333, 0.00708652, 0.0288904, 0.0515322, -0.00330802, -0.016611, -4.40567e-05, -0.00570321], \n",
      " [5.85705e-09, -2.00365e-08, -1.20268e-08, 2.37739, 0.240853, 1.13804, -1.43292, 0.209225, -0.0593811, 0.108633, -0.294142, 0.155004, -0.0267119, -0.378632, -0.635445, 0.0577888, 0.326617, 0.189015, 0.739382, 0.142203, 0.621981, -0.469294, -0.114802, 0.702418, 0.47374, -0.427357, 0.0890426, -0.112143, -0.12851], \n",
      " [-1.89165e-08, -1.10295e-08, -3.01139e-09, 0.127074, 6.23686, 0.148096, 1.27694, -2.17717, -2.5034, 0.445194, 0.844062, 0.131214, 0.445428, 0.938883, 1.42296, -0.53292, -0.692644, -0.450971, 0.667343, -0.148359, 0.323587, -0.386789, -0.248223, -0.82808, 1.14704, 0.391618, 0.190612, 0.0330578, -0.234505], \n",
      " [-1.58897e-08, -6.995e-09, 5.17244e-09, 1.30077, 1.87704, 3.50385, -0.43916, 0.182252, -2.51165, -0.870244, 1.0526, -0.398764, 0.633785, 0.346538, 0.34162, -0.187693, -0.122771, 0.172357, 0.284516, 0.506748, 0.268093, -0.106376, -0.0605127, 0.530907, 0.0195568, -0.2552, 0.0908284, -0.117959, 0.0877765]]\n"
     ]
    },
    {
     "output_type": "error",
     "ename": "NameError",
     "evalue": "name 'Jcm' is not defined",
     "traceback": [
      "\u001b[0;31m---------------------------------------------------------------------------\u001b[0m",
      "\u001b[0;31mNameError\u001b[0m                                 Traceback (most recent call last)",
      "\u001b[0;32m/tmp/ipykernel_49883/1673265626.py\u001b[0m in \u001b[0;36m<module>\u001b[0;34m\u001b[0m\n\u001b[1;32m      2\u001b[0m \u001b[0mJcmm\u001b[0m \u001b[0;34m=\u001b[0m \u001b[0mkinDyn\u001b[0m\u001b[0;34m.\u001b[0m\u001b[0mcentroidal_momentum_matrix_fun\u001b[0m\u001b[0;34m(\u001b[0m\u001b[0;34m)\u001b[0m\u001b[0;34m\u001b[0m\u001b[0;34m\u001b[0m\u001b[0m\n\u001b[1;32m      3\u001b[0m \u001b[0mprint\u001b[0m\u001b[0;34m(\u001b[0m\u001b[0;34m'Centroidal Momentum Matrix with Hardware:\\n'\u001b[0m\u001b[0;34m,\u001b[0m \u001b[0mSX2DM\u001b[0m\u001b[0;34m(\u001b[0m\u001b[0mJcm_hardware\u001b[0m\u001b[0;34m(\u001b[0m\u001b[0mH_b\u001b[0m\u001b[0;34m,\u001b[0m \u001b[0ms\u001b[0m\u001b[0;34m,\u001b[0m \u001b[0mmasses\u001b[0m\u001b[0;34m,\u001b[0m \u001b[0mInertiaMatrix\u001b[0m\u001b[0;34m)\u001b[0m\u001b[0;34m)\u001b[0m\u001b[0;34m)\u001b[0m\u001b[0;34m\u001b[0m\u001b[0;34m\u001b[0m\u001b[0m\n\u001b[0;32m----> 4\u001b[0;31m \u001b[0mprint\u001b[0m\u001b[0;34m(\u001b[0m\u001b[0;34m'Centroidal Momentum Matrix w\\o Hardware: \\n'\u001b[0m\u001b[0;34m,\u001b[0m \u001b[0mSX2DM\u001b[0m\u001b[0;34m(\u001b[0m\u001b[0mJcm\u001b[0m\u001b[0;34m(\u001b[0m\u001b[0mH_b\u001b[0m\u001b[0;34m,\u001b[0m \u001b[0ms\u001b[0m\u001b[0;34m)\u001b[0m\u001b[0;34m)\u001b[0m\u001b[0;34m)\u001b[0m\u001b[0;34m\u001b[0m\u001b[0;34m\u001b[0m\u001b[0m\n\u001b[0m",
      "\u001b[0;31mNameError\u001b[0m: name 'Jcm' is not defined"
     ]
    }
   ],
   "metadata": {}
  },
  {
   "cell_type": "markdown",
   "source": [
    "## Center of mass position"
   ],
   "metadata": {}
  },
  {
   "cell_type": "code",
   "execution_count": null,
   "source": [
    "CoM = kinDyn.CoM_position_fun()\n",
    "CoM_hardware = kinDynWithHardware.CoM_position_fun()\n",
    "print('Center of Mass position:\\n', SX2DM(CoM(H_b, s)))\n",
    "print('Center of Mass position:\\n', SX2DM(CoM_hardware(H_b, s, masses)))"
   ],
   "outputs": [
    {
     "output_type": "stream",
     "name": "stdout",
     "text": [
      "root_link\n"
     ]
    },
    {
     "output_type": "error",
     "ename": "KeyError",
     "evalue": "'root_link'",
     "traceback": [
      "\u001b[0;31m---------------------------------------------------------------------------\u001b[0m",
      "\u001b[0;31mKeyError\u001b[0m                                  Traceback (most recent call last)",
      "\u001b[0;32m/tmp/ipykernel_47231/2308757257.py\u001b[0m in \u001b[0;36m<module>\u001b[0;34m\u001b[0m\n\u001b[1;32m      1\u001b[0m \u001b[0mCoM\u001b[0m \u001b[0;34m=\u001b[0m \u001b[0mkinDyn\u001b[0m\u001b[0;34m.\u001b[0m\u001b[0mCoM_position_fun\u001b[0m\u001b[0;34m(\u001b[0m\u001b[0;34m)\u001b[0m\u001b[0;34m\u001b[0m\u001b[0;34m\u001b[0m\u001b[0m\n\u001b[0;32m----> 2\u001b[0;31m \u001b[0mCoM_hardware\u001b[0m \u001b[0;34m=\u001b[0m \u001b[0mkinDynWithHardware\u001b[0m\u001b[0;34m.\u001b[0m\u001b[0mCoM_position_fun\u001b[0m\u001b[0;34m(\u001b[0m\u001b[0;34m)\u001b[0m\u001b[0;34m\u001b[0m\u001b[0;34m\u001b[0m\u001b[0m\n\u001b[0m\u001b[1;32m      3\u001b[0m \u001b[0mprint\u001b[0m\u001b[0;34m(\u001b[0m\u001b[0;34m'Center of Mass position:\\n'\u001b[0m\u001b[0;34m,\u001b[0m \u001b[0mSX2DM\u001b[0m\u001b[0;34m(\u001b[0m\u001b[0mCoM\u001b[0m\u001b[0;34m(\u001b[0m\u001b[0mH_b\u001b[0m\u001b[0;34m,\u001b[0m \u001b[0ms\u001b[0m\u001b[0;34m)\u001b[0m\u001b[0;34m)\u001b[0m\u001b[0;34m)\u001b[0m\u001b[0;34m\u001b[0m\u001b[0;34m\u001b[0m\u001b[0m\n\u001b[1;32m      4\u001b[0m \u001b[0mprint\u001b[0m\u001b[0;34m(\u001b[0m\u001b[0;34m'Center of Mass position:\\n'\u001b[0m\u001b[0;34m,\u001b[0m \u001b[0mSX2DM\u001b[0m\u001b[0;34m(\u001b[0m\u001b[0mCoM_hardware\u001b[0m\u001b[0;34m(\u001b[0m\u001b[0mH_b\u001b[0m\u001b[0;34m,\u001b[0m \u001b[0ms\u001b[0m\u001b[0;34m,\u001b[0m \u001b[0mmasses\u001b[0m\u001b[0;34m)\u001b[0m\u001b[0;34m)\u001b[0m\u001b[0;34m)\u001b[0m\u001b[0;34m\u001b[0m\u001b[0;34m\u001b[0m\u001b[0m\n",
      "\u001b[0;32m~/.local/lib/python3.8/site-packages/adam/core/computationsWithHardwareParameters.py\u001b[0m in \u001b[0;36mCoM_position_fun\u001b[0;34m(self)\u001b[0m\n\u001b[1;32m    448\u001b[0m             \u001b[0mprint\u001b[0m\u001b[0;34m(\u001b[0m\u001b[0mitem\u001b[0m\u001b[0;34m)\u001b[0m\u001b[0;34m\u001b[0m\u001b[0;34m\u001b[0m\u001b[0m\n\u001b[1;32m    449\u001b[0m             \u001b[0;32mif\u001b[0m\u001b[0;34m(\u001b[0m\u001b[0mitem\u001b[0m \u001b[0;32mis\u001b[0m \u001b[0;32mnot\u001b[0m \u001b[0;34m\"root_link\"\u001b[0m\u001b[0;34m)\u001b[0m\u001b[0;34m:\u001b[0m\u001b[0;34m\u001b[0m\u001b[0;34m\u001b[0m\u001b[0m\n\u001b[0;32m--> 450\u001b[0;31m                 \u001b[0midx\u001b[0m \u001b[0;34m=\u001b[0m\u001b[0mself\u001b[0m\u001b[0;34m.\u001b[0m\u001b[0mrobot_desc\u001b[0m\u001b[0;34m.\u001b[0m\u001b[0mjoint_map\u001b[0m\u001b[0;34m[\u001b[0m\u001b[0mitem\u001b[0m\u001b[0;34m]\u001b[0m\u001b[0;34m.\u001b[0m\u001b[0midx\u001b[0m\u001b[0;34m\u001b[0m\u001b[0;34m\u001b[0m\u001b[0m\n\u001b[0m\u001b[1;32m    451\u001b[0m                 \u001b[0mlink\u001b[0m \u001b[0;34m=\u001b[0m \u001b[0mself\u001b[0m\u001b[0;34m.\u001b[0m\u001b[0mrobot_desc\u001b[0m\u001b[0;34m.\u001b[0m\u001b[0mlink_map\u001b[0m\u001b[0;34m[\u001b[0m\u001b[0mitem\u001b[0m\u001b[0;34m]\u001b[0m\u001b[0;34m\u001b[0m\u001b[0;34m\u001b[0m\u001b[0m\n\u001b[1;32m    452\u001b[0m                 \u001b[0mfk\u001b[0m \u001b[0;34m=\u001b[0m \u001b[0mself\u001b[0m\u001b[0;34m.\u001b[0m\u001b[0mforward_kinematics_fun\u001b[0m\u001b[0;34m(\u001b[0m\u001b[0mitem\u001b[0m\u001b[0;34m)\u001b[0m\u001b[0;34m\u001b[0m\u001b[0;34m\u001b[0m\u001b[0m\n",
      "\u001b[0;31mKeyError\u001b[0m: 'root_link'"
     ]
    }
   ],
   "metadata": {}
  },
  {
   "cell_type": "markdown",
   "source": [
    "## Total Mass"
   ],
   "metadata": {}
  },
  {
   "cell_type": "code",
   "execution_count": null,
   "source": [
    "print('Total mass:\\n', kinDyn.get_total_mass())"
   ],
   "outputs": [],
   "metadata": {}
  },
  {
   "cell_type": "markdown",
   "source": [
    "## Jacobian"
   ],
   "metadata": {}
  },
  {
   "cell_type": "code",
   "execution_count": null,
   "source": [
    "J = kinDyn.jacobian_fun('l_sole')\n",
    "print('Jacobian of the left sole:\\n', SX2DM(J(H_b, s)))"
   ],
   "outputs": [],
   "metadata": {}
  },
  {
   "cell_type": "markdown",
   "source": [
    "## Relative jacobian"
   ],
   "metadata": {}
  },
  {
   "cell_type": "code",
   "execution_count": null,
   "source": [
    "J_r = kinDyn.relative_jacobian_fun('l_sole')\n",
    "print('Jacobian between the root link and left sole:\\n', SX2DM(J_r(s)))"
   ],
   "outputs": [],
   "metadata": {}
  },
  {
   "cell_type": "markdown",
   "source": [
    "## Forward kinematics"
   ],
   "metadata": {}
  },
  {
   "cell_type": "code",
   "execution_count": null,
   "source": [
    "H = kinDyn.forward_kinematics_fun('l_sole')\n",
    "print('Forward kinematics to the left sole:\\n', SX2DM(H(H_b, s)))"
   ],
   "outputs": [],
   "metadata": {}
  },
  {
   "cell_type": "markdown",
   "source": [
    "## Bias force term"
   ],
   "metadata": {}
  },
  {
   "cell_type": "code",
   "execution_count": null,
   "source": [
    "h = kinDyn.bias_force_fun()\n",
    "print('Bias force term:\\n', SX2DM(h(H_b, s, v_b, s_dot, InertiaMatrix)))"
   ],
   "outputs": [],
   "metadata": {}
  },
  {
   "cell_type": "markdown",
   "source": [
    "## Coriolis term"
   ],
   "metadata": {}
  },
  {
   "cell_type": "code",
   "execution_count": null,
   "source": [
    "C = kinDyn.coriolis_term_fun()\n",
    "print('Coriolis force term:\\n', SX2DM(C(H_b, s, v_b, s_dot, InertiaMatrix)))"
   ],
   "outputs": [],
   "metadata": {}
  },
  {
   "cell_type": "markdown",
   "source": [
    "## Gravity term"
   ],
   "metadata": {}
  },
  {
   "cell_type": "code",
   "execution_count": null,
   "source": [
    "G = kinDyn.gravity_term_fun()\n",
    "print('Gravity term:\\n', SX2DM(G(H_b, s, InertiaMatrix)))"
   ],
   "outputs": [],
   "metadata": {}
  },
  {
   "cell_type": "code",
   "execution_count": null,
   "source": [
    "opti = cs.Opti()\n",
    "Inertia_optiVar = opti.variable(3,3, 'symmetric')\n",
    "masses_optVar = opti.variable(kinDyn.tree.N)\n",
    "q_param = opti.parameter(kinDyn.NDoF)\n",
    "H_b_param = opti.parameter(4,4)\n",
    "H_b_new = np.random.rand(4,4)\n",
    "H_b_new[:3, :3] = utils.R_from_RPY(rpy)\n",
    "H_b_new[:3, 3] = xyz\n",
    "M_f = kinDyn.mass_matrix_fun()\n",
    "a = M_f(H_b_param,q_param, masses_optVar, Inertia_optiVar)\n",
    "opti.minimize((a[1,1]))\n",
    "opti.set_value(H_b_param, H_b_new)\n",
    "opti.set_value(q_param, s)\n",
    "opti.solver('ipopt')\n",
    "sol = opti.solve()\n",
    "\n",
    "print(sol.Inertia_optiVar)"
   ],
   "outputs": [],
   "metadata": {}
  }
 ],
 "metadata": {
  "kernelspec": {
   "name": "python3",
   "display_name": "Python 3.8.10 64-bit"
  },
  "language_info": {
   "codemirror_mode": {
    "name": "ipython",
    "version": 3
   },
   "file_extension": ".py",
   "mimetype": "text/x-python",
   "name": "python",
   "nbconvert_exporter": "python",
   "pygments_lexer": "ipython3",
   "version": "3.8.10"
  },
  "metadata": {
   "interpreter": {
    "hash": "1aaa65760776477b200513a4708dfe8112d71af684253b4518b287658553a52c"
   }
  },
  "orig_nbformat": 3,
  "interpreter": {
   "hash": "916dbcbb3f70747c44a77c7bcd40155683ae19c65e1c03b4aa3499c5328201f1"
  }
 },
 "nbformat": 4,
 "nbformat_minor": 2
}